0	17.000000000	
1	6.031042099	
2	13.062084198	
3	4.093126297	
4	15.000000000	
5	8.922394753	
6	16.000000000	
7	8.000000000	
8	16.124168396	
9	8.000000000	
10	14.155210495	
11	8.341463089	
12	15.372505188	
13	7.403547764	
14	16.217294693	
15	9.232815742	
16	17.248336792	
17	8.527716637	
18	17.279378891	
19	5.410199642	
20	13.689579010	
21	7.325942516	
22	17.341463089	
23	10.000000000	
24	17.372505188	
25	8.776053429	
26	17.403547287	
27	9.000000000	
28	15.434589386	
29	7.000000000	
30	16.000000000	
31	10.481152534	
32	18.993347168	
33	12.512195587	
34	23.055433273	
35	7.543237209	
36	17.117517471	
37	10.574279785	
38	17.000000000	
39	10.000000000	
40	20.620841980	
41	13.636363983	
42	21.000000000	
43	15.332593918	
44	25.731706619	
45	15.698448181	
46	25.141906738	
47	20.188470840	
48	29.000000000	
49	25.760532379	
50	34.776054382	
51	31.416851044	
52	43.614189148	
53	40.467849731	
54	52.000000000	
55	46.292682648	
56	55.000000000	
57	47.884700775	
58	55.000000000	
59	47.662971497	
60	51.862525940	
61	41.000000000	
62	43.037693024	
63	30.977827072	
64	38.993347168	
65	30.991130829	
66	35.975608826	
67	24.039911270	
68	34.000000000	
69	25.000000000	
70	30.000000000	
71	22.000000000	
72	31.000000000	
73	19.000000000	
74	20.000000000	
75	13.000000000	
76	19.000000000	
77	11.000000000	
78	18.789356232	
79	9.773836136	
80	18.758314133	
81	9.742794037	
82	13.727272987	
83	8.000000000	
84	15.696230888	
85	7.000000000	
86	14.000000000	
87	6.649667263	
88	14.634146690	
89	7.000000000	
90	14.000000000	
91	3.000000000	
92	14.000000000	
93	4.000000000	
94	15.000000000	
95	6.000000000	
96	10.000000000	
97	6.000000000	
98	13.000000000	
99	2.000000000	
100	12.000000000	
101	4.000000000	
102	11.000000000	
103	4.000000000	
104	14.000000000	
105	5.000000000	
106	9.000000000	
107	5.000000000	
108	12.000000000	
109	4.000000000	
110	11.292682648	
111	4.277162075	
112	12.261640549	
113	4.246119499	
114	11.230598450	
115	5.000000000	
116	12.000000000	
117	5.184035301	
118	14.000000000	
119	5.152993202	
120	15.000000000	
121	8.000000000	
122	12.000000000	
123	3.909090996	
124	13.000000000	
125	6.000000000	
126	14.000000000	
127	8.000000000	
128	16.000000000	
129	7.002217293	
130	13.017738342	
131	10.000000000	
132	18.000000000	
133	16.064302444	
134	24.000000000	
135	28.904655457	
136	40.889133453	
137	43.747226715	
138	52.000000000	
139	38.842571259	
140	42.827049255	
141	29.000000000	
142	33.000000000	
143	23.780487061	
144	28.764966965	
145	17.000000000	
146	21.733924866	
147	7.000000000	
148	15.000000000	
149	6.000000000	
150	12.000000000	
151	4.656319141	
152	13.000000000	
153	5.000000000	
154	11.609756470	
155	5.594234943	
156	13.000000000	
157	3.436807156	
158	10.452327728	
159	4.000000000	
160	11.000000000	
161	3.501108646	
162	15.000000000	
163	0.000000000	
164	11.000000000	
165	5.439024448	
166	12.000000000	
167	3.000000000	
168	10.000000000	
169	2.000000000	
170	9.361418724	
171	2.000000000	
172	12.669623375	
173	5.685143948	
174	12.000000000	
175	5.000000000	
176	15.000000000	
177	7.252771854	
178	12.237250328	
179	5.334811687	
180	15.381374359	
181	9.427937508	
182	17.474500656	
183	12.361418724	
184	25.567626953	
185	26.614191055	
186	41.660755157	
187	41.902439117	
188	48.000000000	
189	31.000000000	
190	36.000000000	
191	17.964523315	
192	28.980043411	
193	14.995565414	
194	18.977827072	
195	7.000000000	
196	13.000000000	
197	5.000000000	
198	12.000000000	
199	3.088691711	
200	12.000000000	
201	3.119733810	
202	7.135254860	
203	3.000000000	
204	10.000000000	
205	4.000000000	
206	12.000000000	
207	3.000000000	
208	12.000000000	
209	4.000000000	
210	8.000000000	
211	4.274944782	
212	11.290465355	
213	3.000000000	
214	10.000000000	
215	3.337028742	
216	13.000000000	
217	5.368071079	
218	12.000000000	
219	2.802660704	
220	13.170731544	
221	7.139689445	
222	14.554324150	
223	16.000000000	
224	26.953435898	
225	37.984477997	
226	49.507759094	
227	31.000000000	
228	36.538803101	
229	22.000000000	
230	28.000000000	
231	14.000000000	
232	16.000000000	
233	9.000000000	
234	10.631929398	
235	4.647449970	
236	12.000000000	
237	5.000000000	
238	13.000000000	
239	5.000000000	
240	12.000000000	
241	4.000000000	
242	11.000000000	
243	5.000000000	
244	12.787139893	
245	4.802660942	
246	12.000000000	
247	5.000000000	
248	12.150775909	
249	4.000000000	
250	10.000000000	
251	1.104212880	
252	13.000000000	
253	3.926829338	
254	15.000000000	
255	9.000000000	
256	19.000000000	
257	24.000000000	
258	38.008869171	
259	43.980045319	
260	42.000000000	
261	26.000000000	
262	28.000000000	
263	14.082039833	
264	18.902439117	
265	8.000000000	
266	12.871397018	
267	2.000000000	
268	10.000000000	
269	2.000000000	
270	11.000000000	
271	4.000000000	
272	12.000000000	
273	4.000000000	
274	11.000000000	
275	1.268292665	
276	10.283813477	
277	3.000000000	
278	10.000000000	
279	2.330376863	
280	12.000000000	
281	4.000000000	
282	11.000000000	
283	4.569844723	
284	11.631929398	
285	8.694013596	
286	15.195121765	
287	28.818181992	
288	41.880264282	
289	29.942350388	
290	36.004436493	
291	16.000000000	
292	23.000000000	
293	7.000000000	
294	16.000000000	
295	3.000000000	
296	16.000000000	
297	3.609755993	
298	10.625277519	
299	5.000000000	
300	12.000000000	
301	4.000000000	
302	11.000000000	
303	4.000000000	
304	12.000000000	
305	4.000000000	
306	12.000000000	
307	3.000000000	
308	11.000000000	
309	4.000000000	
310	13.000000000	
311	6.000000000	
312	16.000000000	
313	17.000000000	
314	33.873615265	
315	34.000000000	
316	36.904655457	
317	20.920177460	
318	27.000000000	
319	7.000000000	
320	17.000000000	
321	6.000000000	
322	12.000000000	
323	5.000000000	
324	10.000000000	
325	2.044345856	
326	11.000000000	
327	3.075387955	
328	13.000000000	
329	5.106430054	
330	11.121951103	
331	3.862527609	
332	11.000000000	
333	4.000000000	
334	13.000000000	
335	6.000000000	
336	15.000000000	
337	11.000000000	
338	22.492238998	
339	42.000000000	
340	47.000000000	
341	23.292682648	
342	29.616407394	
343	11.323724747	
344	17.000000000	
345	6.354767323	
346	12.370287895	
347	4.000000000	
348	12.000000000	
349	5.000000000	
350	13.000000000	
351	6.000000000	
352	13.000000000	
353	4.000000000	
354	11.000000000	
355	3.000000000	
356	13.000000000	
357	6.000000000	
358	15.000000000	
359	8.000000000	
360	18.000000000	
361	22.000000000	
362	45.000000000	
363	31.634145737	
364	32.649665833	
365	17.665187836	
366	20.361419678	
367	9.392460823	
368	14.423502922	
369	5.727272511	
370	13.742794037	
371	4.000000000	
372	10.226163864	
373	2.000000000	
374	10.195121765	
375	4.179600716	
376	13.000000000	
377	5.000000000	
378	12.000000000	
379	5.000000000	
380	14.000000000	
381	7.913525581	
382	19.929046631	
383	32.000000000	
384	50.039913177	
385	29.000000000	
386	28.008869171	
387	12.000000000	
388	17.000000000	
389	6.000000000	
390	13.000000000	
391	5.000000000	
392	12.000000000	
393	5.000000000	
394	13.115299225	
395	2.261640787	
396	10.439023972	
397	3.323724985	
398	10.354766846	
399	3.578713894	
400	12.833703041	
401	5.895787239	
402	13.718403816	
403	15.000000000	
404	40.000000000	
405	31.713968277	
406	32.698448181	
407	12.000000000	
408	20.000000000	
409	5.000000000	
410	13.636363983	
411	4.000000000	
412	13.000000000	
413	4.000000000	
414	10.000000000	
415	5.000000000	
416	14.543237686	
417	6.527716160	
418	14.512195587	
419	4.006651878	
420	15.037693977	
421	8.068736076	
422	18.649667740	
423	29.696229935	
424	48.161861420	
425	26.192905426	
426	25.223947525	
427	12.372505188	
428	14.356984138	
429	5.000000000	
430	13.000000000	
431	5.000000000	
432	13.000000000	
433	5.279379368	
434	11.263857841	
435	6.248336792	
436	12.000000000	
437	3.565410137	
438	13.000000000	
439	7.186252594	
440	15.170731544	
441	15.844789505	
442	35.720619202	
443	32.248336792	
444	29.108648300	
445	12.000000000	
446	14.922394753	
447	4.000000000	
448	12.046563148	
449	6.031042099	
450	14.000000000	
451	0.000000000	
