0	13.000000000	
1	15.033040047	
2	12.000000000	
3	16.000000000	
4	12.000000000	
5	18.834802628	
6	11.000000000	
7	17.000000000	
8	9.000000000	
9	16.297357559	
10	8.000000000	
11	17.000000000	
12	11.000000000	
13	15.570484161	
14	13.000000000	
15	20.504405975	
16	10.471365929	
17	16.561674118	
18	10.000000000	
19	19.627754211	
20	10.660793304	
21	15.693832397	
22	11.000000000	
23	18.759912491	
24	12.000000000	
25	20.000000000	
26	11.000000000	
27	20.000000000	
28	13.000000000	
29	18.000000000	
30	16.991189957	
31	18.024229050	
32	15.000000000	
33	21.000000000	
34	17.123348236	
35	22.156387329	
36	18.189426422	
37	19.222467422	
38	17.255506516	
39	25.288545609	
40	23.321586609	
41	28.000000000	
42	28.000000000	
43	34.420703888	
44	32.000000000	
45	37.000000000	
46	40.480175018	
47	48.447135925	
48	44.414096832	
49	54.381057739	
50	48.348018646	
51	59.314979553	
52	52.281936646	
53	56.497798920	
54	45.215858459	
55	54.000000000	
56	43.700439453	
57	46.649780273	
58	35.832599640	
59	42.898677826	
60	31.964757919	
61	35.984580994	
62	22.000000000	
63	29.000000000	
64	21.114538193	
65	31.000000000	
66	24.000000000	
67	31.000000000	
68	21.753303528	
69	28.720264435	
70	17.312774658	
71	27.000000000	
72	16.000000000	
73	25.000000000	
74	16.000000000	
75	23.000000000	
76	20.000000000	
77	24.000000000	
78	20.000000000	
79	24.000000000	
80	20.000000000	
81	22.000000000	
82	16.290748596	
83	19.000000000	
84	14.000000000	
85	15.808369637	
86	12.000000000	
87	18.000000000	
88	8.907488823	
89	16.000000000	
90	8.000000000	
91	15.006608009	
92	5.000000000	
93	11.000000000	
94	5.000000000	
95	12.000000000	
96	10.000000000	
97	12.000000000	
98	7.237885475	
99	12.270925522	
100	9.000000000	
101	11.000000000	
102	4.000000000	
103	12.596916199	
104	3.000000000	
105	11.000000000	
106	6.000000000	
107	13.535242081	
108	4.568282127	
109	13.601321220	
110	4.634361267	
111	11.667401314	
112	4.700440407	
113	13.000000000	
114	5.000000000	
115	14.000000000	
116	5.832599163	
117	9.000000000	
118	3.898678303	
119	10.931717873	
120	4.964757919	
121	14.000000000	
122	5.000000000	
123	13.936122894	
124	6.903083801	
125	12.870043755	
126	11.000000000	
127	15.000000000	
128	7.000000000	
129	16.000000000	
130	9.000000000	
131	19.000000000	
132	14.000000000	
133	22.000000000	
134	20.427312851	
135	32.460353851	
136	41.000000000	
137	49.000000000	
138	50.000000000	
139	52.407489777	
140	35.374450684	
141	33.682819366	
142	28.308370590	
143	29.000000000	
144	20.242290497	
145	29.209251404	
146	18.176212311	
147	24.143171310	
148	17.110132217	
149	23.000000000	
150	15.955946922	
151	21.000000000	
152	12.933920860	
153	19.000000000	
154	9.088106155	
155	15.757709503	
156	9.000000000	
157	14.812775612	
158	4.559471130	
159	10.240088463	
160	4.145374298	
161	13.680616379	
162	6.704845905	
163	10.614537239	
164	4.837004185	
165	13.645374298	
166	4.000000000	
167	9.517621040	
168	6.550660610	
169	10.416299820	
170	7.383259773	
171	12.000000000	
172	6.682819366	
173	8.000000000	
174	6.497797489	
175	12.218061447	
176	5.000000000	
177	14.000000000	
178	6.118942738	
179	14.085903168	
180	7.052863598	
181	13.059471130	
182	6.000000000	
183	19.907489777	
184	15.841409683	
185	23.887664795	
186	30.145374298	
187	42.535243988	
188	46.422908783	
189	48.000000000	
190	19.832599640	
191	27.621145248	
192	21.343612671	
193	27.376651764	
194	15.409691811	
195	22.442731857	
196	14.475770950	
197	20.017621994	
198	11.000000000	
199	16.000000000	
200	7.607929707	
201	15.000000000	
202	6.000000000	
203	13.000000000	
204	5.000000000	
205	9.773127556	
206	7.000000000	
207	10.000000000	
208	6.000000000	
209	10.000000000	
210	6.000000000	
211	10.000000000	
212	7.000000000	
213	11.000000000	
214	6.929515362	
215	10.000000000	
216	6.136563778	
217	10.169603348	
218	7.202643394	
219	13.000000000	
220	10.000000000	
221	14.000000000	
222	7.000000000	
223	17.000000000	
224	18.000000000	
225	26.000000000	
226	39.000000000	
227	50.500000000	
228	32.933921814	
229	30.433919907	
230	18.599119186	
231	26.000000000	
232	15.334801674	
233	21.000000000	
234	15.000000000	
235	22.764316559	
236	10.797356606	
237	16.000000000	
238	8.000000000	
239	13.896475792	
240	3.929515362	
241	12.000000000	
242	6.000000000	
243	15.000000000	
244	5.000000000	
245	10.000000000	
246	3.000000000	
247	12.839206696	
248	5.806167603	
249	12.773127556	
250	4.259912014	
251	12.000000000	
252	3.325991154	
253	10.000000000	
254	9.607929230	
255	14.574890137	
256	9.083700180	
257	18.017621994	
258	20.475770950	
259	37.442729950	
260	46.819381714	
261	47.129955292	
262	23.343612671	
263	29.000000000	
264	19.722467422	
265	25.000000000	
266	15.788546562	
267	24.000000000	
268	13.000000000	
269	14.000000000	
270	12.000000000	
271	14.000000000	
272	4.000000000	
273	13.000000000	
274	5.000000000	
275	13.000000000	
276	6.000000000	
277	12.000000000	
278	4.000000000	
279	10.000000000	
280	6.000000000	
281	10.000000000	
282	8.000000000	
283	12.000000000	
284	8.000000000	
285	14.000000000	
286	7.000000000	
287	15.517621040	
288	19.000000000	
289	41.548458099	
290	36.000000000	
291	36.000000000	
292	21.647577286	
293	27.000000000	
294	14.000000000	
295	20.000000000	
296	12.000000000	
297	17.187225342	
298	7.000000000	
299	15.000000000	
300	8.000000000	
301	13.000000000	
302	6.000000000	
303	13.000000000	
304	5.000000000	
305	13.000000000	
306	6.000000000	
307	13.856827736	
308	5.823788643	
309	13.000000000	
310	3.000000000	
311	11.000000000	
312	8.000000000	
313	11.000000000	
314	13.374449730	
315	22.000000000	
316	44.000000000	
317	45.526432037	
318	19.000000000	
319	25.460351944	
320	15.000000000	
321	23.000000000	
322	16.000000000	
323	20.000000000	
324	6.295154095	
325	13.000000000	
326	4.000000000	
327	13.000000000	
328	5.000000000	
329	12.000000000	
330	5.000000000	
331	14.000000000	
332	7.000000000	
333	14.000000000	
334	3.035242319	
335	12.068282127	
336	7.101321697	
337	14.134361267	
338	10.167401314	
339	19.200441360	
340	33.233478546	
341	47.266521454	
342	28.700441360	
343	30.667400360	
344	18.000000000	
345	24.000000000	
346	15.000000000	
347	19.000000000	
348	8.000000000	
349	15.530837059	
350	7.000000000	
351	12.000000000	
352	8.629956245	
353	11.662995338	
354	7.696035385	
355	12.000000000	
356	8.000000000	
357	11.000000000	
358	2.828193903	
359	13.861233711	
360	7.894273281	
361	14.000000000	
362	11.000000000	
363	27.006607056	
364	43.973567963	
365	40.881057739	
366	21.907489777	
367	27.874448776	
368	15.841409683	
369	23.808370590	
370	12.775330544	
371	15.742290497	
372	8.709251404	
373	9.676211357	
374	3.356828213	
375	11.389867783	
376	6.000000000	
377	14.000000000	
378	5.000000000	
379	14.000000000	
380	6.000000000	
381	11.000000000	
382	9.378854752	
383	15.345814705	
384	16.312774658	
385	32.279735565	
386	37.740089417	
387	35.640968323	
388	20.361232758	
389	21.295154572	
390	15.000000000	
391	20.000000000	
392	6.000000000	
393	16.000000000	
394	7.000000000	
395	13.000000000	
396	7.000000000	
397	9.000000000	
398	9.700440407	
399	13.182819366	
400	4.215858936	
401	13.751101494	
402	7.436123371	
403	15.000000000	
404	11.000000000	
405	25.000000000	
406	42.000000000	
407	42.658588409	
408	21.519823074	
409	24.460351944	
410	17.000000000	
411	21.158590317	
412	10.550661087	
413	14.709251404	
414	5.000000000	
415	11.865638733	
416	2.255506516	
417	12.444933891	
418	6.189427376	
419	13.687224388	
420	6.246695995	
421	14.090308189	
422	4.057268620	
423	14.951541901	
424	13.000000000	
425	30.000000000	
426	37.925109863	
427	34.892070770	
428	22.000000000	
429	22.000000000	
430	15.792951584	
431	20.759912491	
432	5.000000000	
433	13.000000000	
434	6.000000000	
435	12.000000000	
436	8.000000000	
437	14.000000000	
438	5.000000000	
439	13.504405022	
440	7.000000000	
441	18.000000000	
442	8.396475792	
443	18.000000000	
444	44.000000000	
445	44.000000000	
446	20.264316559	
447	23.000000000	
448	17.000000000	
449	19.000000000	
450	7.000000000	
451	16.000000000	
452	5.066079140	
453	14.033040047	
454	0.000000000	
