0	14.000000000	
1	9.006593704	
2	16.013187408	
3	13.039560318	
4	14.052747726	
5	10.000000000	
6	15.960439682	
7	15.000000000	
8	15.000000000	
9	11.059340477	
10	17.000000000	
11	12.000000000	
12	16.079120636	
13	13.085714340	
14	16.092308044	
15	11.197802544	
16	18.210988998	
17	13.112088203	
18	18.118680954	
19	12.250549316	
20	16.131868362	
21	16.138462067	
22	14.145054817	
23	16.000000000	
24	18.841758728	
25	14.000000000	
26	19.000000000	
27	15.000000000	
28	18.000000000	
29	13.808791161	
30	18.000000000	
31	15.000000000	
32	17.000000000	
33	16.782417297	
34	19.000000000	
35	15.769230843	
36	21.762638092	
37	13.000000000	
38	18.000000000	
39	14.000000000	
40	15.000000000	
41	12.000000000	
42	17.000000000	
43	14.000000000	
44	18.000000000	
45	13.000000000	
46	14.000000000	
47	10.690110207	
48	15.683516502	
49	13.676922798	
50	15.670330048	
51	10.663736343	
52	15.657142639	
53	12.650549889	
54	13.287912369	
55	12.000000000	
56	13.000000000	
57	9.375823975	
58	15.382417679	
59	11.000000000	
60	15.395604134	
61	12.402197838	
62	15.408791542	
63	8.830769539	
64	16.421977997	
65	14.428571701	
66	17.000000000	
67	12.000000000	
68	17.000000000	
69	14.000000000	
70	16.538461685	
71	15.000000000	
72	18.000000000	
73	15.000000000	
74	19.000000000	
75	14.000000000	
76	16.000000000	
77	12.000000000	
78	17.000000000	
79	11.000000000	
80	17.000000000	
81	14.000000000	
82	18.000000000	
83	16.000000000	
84	22.000000000	
85	19.000000000	
86	22.000000000	
87	26.279121399	
88	30.839559555	
89	31.239561081	
90	38.813186646	
91	35.400001526	
92	42.000000000	
93	38.000000000	
94	36.000000000	
95	34.000000000	
96	30.367033005	
97	21.360439301	
98	22.353845596	
99	17.000000000	
100	20.000000000	
101	15.334066391	
102	17.327472687	
103	13.000000000	
104	14.000000000	
105	11.000000000	
106	15.000000000	
107	10.000000000	
108	15.000000000	
109	12.000000000	
110	14.000000000	
111	8.000000000	
112	13.000000000	
113	10.000000000	
114	13.000000000	
115	7.000000000	
116	14.000000000	
117	10.000000000	
118	10.221978188	
119	9.000000000	
120	11.000000000	
121	7.000000000	
122	12.804395676	
123	8.000000000	
124	13.000000000	
125	9.000000000	
126	10.000000000	
127	11.000000000	
128	12.000000000	
129	12.000000000	
130	11.000000000	
131	12.000000000	
132	16.000000000	
133	16.000000000	
134	13.000000000	
135	14.109889984	
136	14.103296280	
137	10.000000000	
138	13.909890175	
139	8.916483879	
140	13.846154213	
141	10.859340668	
142	12.872527122	
143	9.000000000	
144	14.949450493	
145	12.956044197	
146	17.000000000	
147	14.969230652	
148	18.975824356	
149	13.000000000	
150	14.989010811	
151	12.995604515	
152	17.000000000	
153	16.991209030	
154	22.000000000	
155	26.000000000	
156	29.000000000	
157	38.964836121	
158	40.958240509	
159	34.951648712	
160	36.945053101	
161	19.000000000	
162	22.000000000	
163	14.000000000	
164	19.000000000	
165	7.000000000	
166	15.000000000	
167	8.000000000	
168	12.000000000	
169	5.114285946	
170	13.000000000	
171	9.000000000	
172	11.000000000	
173	9.140659332	
174	8.000000000	
175	9.000000000	
176	8.000000000	
177	6.000000000	
178	12.000000000	
179	8.000000000	
180	14.000000000	
181	11.000000000	
182	11.000000000	
183	12.000000000	
184	16.000000000	
185	14.000000000	
186	19.000000000	
187	12.000000000	
188	13.000000000	
189	10.000000000	
190	15.000000000	
191	9.000000000	
192	14.000000000	
193	11.000000000	
194	15.000000000	
195	13.000000000	
196	18.000000000	
197	12.000000000	
198	14.000000000	
199	13.000000000	
200	19.318681717	
201	21.000000000	
202	32.331867218	
203	35.338462830	
204	40.000000000	
205	29.351648331	
206	25.000000000	
207	13.364834785	
208	16.000000000	
209	12.000000000	
210	14.384614944	
211	9.000000000	
212	14.000000000	
213	10.000000000	
214	10.000000000	
215	10.000000000	
216	11.000000000	
217	6.430769444	
218	11.000000000	
219	8.000000000	
220	14.000000000	
221	9.457142830	
222	9.000000000	
223	12.000000000	
224	16.000000000	
225	13.000000000	
226	16.000000000	
227	10.000000000	
228	14.000000000	
229	10.000000000	
230	12.000000000	
231	8.523077011	
232	13.000000000	
233	11.000000000	
234	17.000000000	
235	13.549450874	
236	17.000000000	
237	15.000000000	
238	22.000000000	
239	27.424175262	
240	34.417583466	
241	31.000000000	
242	28.000000000	
243	16.000000000	
244	18.000000000	
245	12.000000000	
246	11.000000000	
247	10.000000000	
248	12.000000000	
249	8.000000000	
250	11.648351669	
251	6.000000000	
252	10.000000000	
253	7.000000000	
254	9.674725533	
255	9.000000000	
256	12.000000000	
257	10.000000000	
258	16.000000000	
259	11.000000000	
260	14.000000000	
261	10.000000000	
262	12.272527695	
263	10.000000000	
264	12.259340286	
265	11.252747536	
266	18.246154785	
267	13.000000000	
268	16.000000000	
269	14.000000000	
270	20.000000000	
271	26.213186264	
272	36.206592560	
273	31.200000763	
274	26.193407059	
275	16.000000000	
276	16.819780350	
277	10.000000000	
278	14.000000000	
279	7.839560509	
280	11.846154213	
281	7.000000000	
282	11.000000000	
283	7.865933895	
284	12.000000000	
285	8.879120827	
286	13.000000000	
287	8.892307281	
288	16.898900986	
289	13.000000000	
290	15.000000000	
291	10.000000000	
292	12.000000000	
293	8.000000000	
294	14.061538696	
295	9.945055008	
296	17.000000000	
297	9.041758537	
298	16.000000000	
299	20.000000000	
300	31.021978378	
301	32.015384674	
302	29.000000000	
303	16.000000000	
304	17.000000000	
305	11.989010811	
306	14.000000000	
307	9.000000000	
308	14.000000000	
309	9.000000000	
310	8.043955803	
311	8.000000000	
312	13.000000000	
313	9.063735962	
314	16.000000000	
315	14.923076630	
316	16.916482925	
317	10.909890175	
318	15.000000000	
319	8.000000000	
320	13.000000000	
321	11.000000000	
322	15.876922607	
323	10.000000000	
324	17.863737106	
325	21.000000000	
326	29.000000000	
327	33.000000000	
328	28.000000000	
329	15.000000000	
330	15.000000000	
331	12.000000000	
332	15.000000000	
333	8.804395676	
334	10.000000000	
335	5.000000000	
336	11.215384483	
337	9.000000000	
338	13.000000000	
339	11.000000000	
340	18.000000000	
341	14.000000000	
342	15.254944801	
343	10.738461494	
344	12.731867790	
345	14.725275040	
346	16.000000000	
347	15.000000000	
348	16.000000000	
349	20.301099777	
350	26.000000000	
351	30.685714722	
352	27.000000000	
353	12.000000000	
354	14.665933609	
355	9.000000000	
356	11.000000000	
357	11.000000000	
358	11.000000000	
359	4.000000000	
360	13.000000000	
361	9.380219460	
362	12.386813164	
363	11.000000000	
364	16.399999619	
365	11.000000000	
366	14.000000000	
367	9.000000000	
368	15.000000000	
369	15.000000000	
370	15.000000000	
371	14.000000000	
372	20.000000000	
373	33.000000000	
374	33.000000000	
375	19.000000000	
376	17.000000000	
377	10.000000000	
378	14.000000000	
379	9.000000000	
380	12.000000000	
381	8.000000000	
382	10.000000000	
383	9.000000000	
384	12.000000000	
385	16.000000000	
386	16.454944611	
387	13.000000000	
388	9.558241844	
389	12.000000000	
390	17.000000000	
391	11.421977997	
392	13.415384293	
393	19.000000000	
394	30.000000000	
395	30.000000000	
396	30.000000000	
397	12.000000000	
398	11.000000000	
399	11.000000000	
400	13.000000000	
401	9.000000000	
402	11.650549889	
403	7.000000000	
404	15.000000000	
405	13.329669952	
406	15.000000000	
407	14.000000000	
408	15.000000000	
409	10.303297043	
410	16.000000000	
411	13.000000000	
412	18.000000000	
413	18.276922226	
414	27.270330429	
415	27.263736725	
416	25.257143021	
417	14.000000000	
418	14.000000000	
419	11.000000000	
420	13.000000000	
421	8.000000000	
422	13.000000000	
423	6.789011002	
424	13.795604706	
425	14.000000000	
426	16.808792114	
427	8.815384865	
428	13.821977615	
429	12.828571320	
430	14.835165024	
431	14.000000000	
432	16.000000000	
433	23.000000000	
434	34.000000000	
435	22.868131638	
436	20.000000000	
437	13.000000000	
438	9.112088203	
439	12.000000000	
440	12.098900795	
441	9.000000000	
442	16.000000000	
443	12.000000000	
444	17.000000000	
445	13.000000000	
446	16.000000000	
447	10.000000000	
448	13.000000000	
449	13.039560318	
450	14.000000000	
451	22.000000000	
452	31.000000000	
453	30.000000000	
454	22.000000000	
455	0.000000000	
