0	5.000000000	
1	6.165929317	
2	6.265486717	
3	5.398230076	
4	4.265486717	
5	7.331858635	
6	5.398230076	
7	10.464601517	
8	5.796460152	
9	10.896018028	
10	7.995575428	
11	10.730088234	
12	3.194690228	
13	11.862832069	
14	4.929203510	
15	9.995574951	
16	6.061946869	
17	9.692478180	
18	8.792035103	
19	8.261061668	
20	7.654867172	
21	9.787611008	
22	5.920353889	
23	10.816371918	
24	7.185840607	
25	13.318584442	
26	8.451327324	
27	8.584071159	
28	8.716814041	
29	11.849557877	
30	7.977876186	
31	11.884955406	
32	8.752212524	
33	12.619468689	
34	7.358407021	
35	9.192478180	
36	9.415928841	
37	11.316371918	
38	6.216814041	
39	10.117256165	
40	8.017699242	
41	13.278760910	
42	9.818584442	
43	13.146018028	
44	7.539823055	
45	11.519911766	
46	9.946902275	
47	14.000000000	
48	9.221239090	
49	12.869468689	
50	10.022124290	
51	13.922566414	
52	10.274335861	
53	15.482300758	
54	11.623893738	
55	15.524335861	
56	12.283185959	
57	17.108407974	
58	11.150442123	
59	11.168141365	
60	9.044247627	
61	13.048672676	
62	14.057521820	
63	13.090707779	
64	13.371681213	
65	14.314159393	
66	13.380531311	
67	15.223451614	
68	11.283185959	
69	17.869468689	
70	15.292035103	
71	20.068584442	
72	17.557521820	
73	24.112831116	
74	22.823009491	
75	27.466814041	
76	24.088495255	
77	32.110618591	
78	31.176990509	
79	33.865043640	
80	26.929203033	
81	27.816371918	
82	21.327434540	
83	23.772123337	
84	13.575221062	
85	15.641592979	
86	11.707964897	
87	14.774335861	
88	9.840707779	
89	14.860619545	
90	9.973451614	
91	9.960177422	
92	9.840707779	
93	12.741150856	
94	8.641592979	
95	10.694690704	
96	6.442477703	
97	12.342920303	
98	8.243362427	
99	7.143805504	
100	5.725663662	
101	9.592920303	
102	6.460176945	
103	10.327433586	
104	6.194690228	
105	9.061946869	
106	4.929203510	
107	7.796460152	
108	5.663716793	
109	7.530973434	
110	4.048672676	
111	9.265486717	
112	6.132743359	
113	10.250000000	
114	5.867256641	
115	5.734513283	
116	1.601769924	
117	5.469026566	
118	3.336283207	
119	7.203539848	
120	4.070796490	
121	11.046460152	
122	6.146017551	
123	5.245575428	
124	0.345132738	
125	7.444690228	
126	2.544247866	
127	8.858407021	
128	3.991150379	
129	6.842920303	
130	5.942477703	
131	4.694690228	
132	6.522123814	
133	10.068584442	
134	7.787610531	
135	13.920353889	
136	12.053097725	
137	15.185840607	
138	12.318584442	
139	17.451328278	
140	9.938053131	
141	15.037611008	
142	11.849557877	
143	16.982301712	
144	14.115044594	
145	20.247787476	
146	19.225664139	
147	24.513275146	
148	28.557521820	
149	30.723451614	
150	25.911504745	
151	24.977876663	
152	15.911504745	
153	16.845132828	
154	9.889380455	
155	9.712388992	
156	6.646017551	
157	11.369468689	
158	6.513274193	
159	9.170353889	
160	4.380530834	
161	8.971239090	
162	4.247787476	
163	7.181416035	
164	6.787610531	
165	9.097345352	
166	3.455752134	
167	7.289823055	
168	4.123893738	
169	8.566371918	
170	3.792035341	
171	6.626106262	
172	2.584070683	
173	8.517699242	
174	4.676990986	
175	8.384955406	
176	4.318583965	
177	8.252212524	
178	3.278761148	
179	6.119469166	
180	1.106194735	
181	5.019911289	
182	2.159291983	
183	7.292035580	
184	3.424778700	
185	11.418141365	
186	8.690265656	
187	9.823008537	
188	5.955752373	
189	11.088495255	
190	8.221239090	
191	11.015486717	
192	13.486725807	
193	13.619468689	
194	20.752212524	
195	23.884956360	
196	26.504425049	
197	27.075222015	
198	15.141592979	
199	18.207963943	
200	10.911504745	
201	11.011061668	
202	9.814159393	
203	9.210177422	
204	4.079646111	
205	7.409292221	
206	4.345132828	
207	9.477875710	
208	6.610619545	
209	10.743362427	
210	5.876106262	
211	9.993362427	
212	7.858407021	
213	9.725664139	
214	4.592920303	
215	9.325221062	
216	6.327433586	
217	11.194690704	
218	5.061946869	
219	7.661504269	
220	7.796460152	
221	8.663717270	
222	6.530973434	
223	9.997787476	
224	4.265486717	
225	12.132743835	
226	12.000000000	
227	13.867256165	
228	8.168141365	
229	12.601769447	
230	13.469026566	
231	15.670353889	
232	23.203538895	
233	25.070796967	
234	21.172565460	
235	21.006637573	
236	7.672566414	
237	10.539822578	
238	4.407079697	
239	7.205752373	
240	3.141592979	
241	8.006637573	
242	3.123893738	
243	4.320796490	
244	3.194690228	
245	8.261061668	
246	4.327433586	
247	7.393805504	
248	5.460176945	
249	10.789822578	
250	5.592920303	
251	5.659292221	
252	5.725663662	
253	5.792035580	
254	6.858407021	
255	6.924778938	
256	6.991150379	
257	7.057522297	
258	8.123893738	
259	9.595132828	
260	12.256637573	
261	15.323008537	
262	10.389380455	
263	16.455751419	
264	19.283185959	
265	27.588495255	
266	22.654867172	
267	23.721239090	
268	8.575221062	
269	15.707964897	
270	6.840707779	
271	10.973451614	
272	7.893805504	
273	9.880531311	
274	7.814159393	
275	5.747787476	
276	6.522123814	
277	10.037611008	
278	4.871681213	
279	8.705752373	
280	5.123893738	
281	9.024335861	
282	3.924778700	
283	6.825221062	
284	7.725663662	
285	9.252212524	
286	7.017699242	
287	11.902654648	
288	9.769911766	
289	15.409292221	
290	9.504425049	
291	15.342920303	
292	11.619468689	
293	16.553096771	
294	19.486724854	
295	24.840707779	
296	14.530973434	
297	13.287611008	
298	7.110619545	
299	7.077433586	
300	3.132743359	
301	7.033185959	
302	4.044247627	
303	7.110619545	
304	3.176991224	
305	9.243362427	
306	5.309734344	
307	3.376106262	
308	3.884955645	
309	8.017699242	
310	4.438053131	
311	8.603981972	
312	5.415929317	
313	9.935840607	
314	7.101769924	
315	12.267699242	
316	8.433628082	
317	12.599557877	
318	11.212388992	
319	14.345132828	
320	25.477876663	
321	25.610618591	
322	16.743362427	
323	13.876106262	
324	9.761061668	
325	10.141592979	
326	6.092920303	
327	10.258849144	
328	5.539823055	
329	10.672566414	
330	7.805309772	
331	9.938053131	
332	3.964601755	
333	9.847345352	
334	6.831858635	
335	10.648230553	
336	5.548672676	
337	9.449114799	
338	7.349557400	
339	13.250000000	
340	11.433628082	
341	14.050885201	
342	12.951327324	
343	13.469026566	
344	25.752212524	
345	28.101770401	
346	15.000000000	
347	15.000000000	
348	9.902654648	
349	9.254425049	
350	3.769911528	
351	8.703539848	
352	4.637167931	
353	8.570796013	
354	5.504424572	
355	8.657079697	
356	2.743362904	
357	7.610619545	
358	3.477876186	
359	7.345132828	
360	4.212389469	
361	10.079646111	
362	8.039822578	
363	13.139380455	
364	8.159292221	
365	13.338495255	
366	12.438053131	
367	19.716814041	
368	18.424777985	
369	19.491149902	
370	8.836282730	
371	7.623893738	
372	6.690265656	
373	8.134955406	
374	5.234513283	
375	10.334071159	
376	6.433628082	
377	10.533185959	
378	5.632743359	
379	6.732300758	
380	5.831858635	
381	6.931416035	
382	5.030973434	
383	12.130531311	
384	9.230088234	
385	14.329646111	
386	11.429203987	
387	13.528760910	
388	21.380531311	
389	25.637168884	
390	16.827434540	
391	14.926991463	
392	9.955752373	
393	12.789822578	
394	6.623893738	
395	9.457964897	
396	4.716814041	
397	11.650442123	
398	5.376106262	
399	10.517699242	
400	6.451327324	
401	8.384955406	
402	7.318583965	
403	7.252212524	
404	9.964601517	
405	14.238938332	
406	10.106194496	
407	15.466814041	
408	16.840707779	
409	23.707963943	
410	15.969026566	
411	13.803097725	
412	6.654867172	
413	9.882743835	
414	4.522123814	
415	8.683628082	
416	6.584070683	
417	9.323008537	
418	3.384955645	
419	9.190265656	
420	2.309734583	
421	7.143805504	
422	1.017699122	
423	9.150442123	
424	8.212388992	
425	13.311946869	
426	12.548672676	
427	10.681415558	
428	21.814159393	
429	25.710176468	
430	11.539822578	
431	11.909292221	
432	9.008849144	
433	11.108407021	
434	7.207964420	
435	6.307522297	
436	6.876106262	
437	7.008849621	
438	4.606194496	
439	11.705752373	
440	7.407079697	
441	11.539822578	
442	9.672566414	
443	14.805309296	
444	7.938053131	
445	15.070796013	
446	18.402654648	
447	26.336282730	
448	17.601770401	
449	15.701327324	
450	9.800885201	
451	12.867256165	
452	0.000000000	
