0	39.000000000	
1	35.026607513	
2	33.053215027	
3	36.840354919	
4	36.733924866	
5	34.667404175	
6	40.680709839	
7	35.627494812	
8	40.680709839	
9	36.880264282	
10	35.733924866	
11	38.000000000	
12	39.159645081	
13	35.000000000	
14	40.000000000	
15	37.000000000	
16	41.787139893	
17	38.773834229	
18	43.760532379	
19	33.000000000	
20	39.266075134	
21	36.000000000	
22	37.000000000	
23	34.000000000	
24	40.000000000	
25	35.000000000	
26	34.654102325	
27	31.000000000	
28	33.000000000	
29	27.000000000	
30	29.000000000	
31	24.000000000	
32	26.000000000	
33	21.000000000	
34	24.000000000	
35	19.465631485	
36	20.478935242	
37	14.984478951	
38	22.011087418	
39	13.037693977	
40	21.532150269	
41	10.000000000	
42	18.441242218	
43	11.855875969	
44	14.829268456	
45	10.802660942	
46	15.164079666	
47	12.749445915	
48	15.722838402	
49	10.696230888	
50	12.669623375	
51	7.643015385	
52	13.924612045	
53	10.884700775	
54	12.844789505	
55	9.804878235	
56	16.509977341	
57	11.483369827	
58	11.456762314	
59	11.000000000	
60	15.000000000	
61	13.811530113	
62	17.824832916	
63	12.000000000	
64	17.851440430	
65	15.000000000	
66	17.000000000	
67	9.217294693	
68	17.286031723	
69	10.164079666	
70	12.206208229	
71	7.166296959	
72	10.126385689	
73	10.057649612	
74	10.031042099	
75	7.006651878	
76	13.022172928	
77	5.073170662	
78	14.075387955	
79	5.152993202	
80	13.192904472	
81	6.155210495	
82	12.181818008	
83	5.000000000	
84	13.000000000	
85	11.000000000	
86	15.000000000	
87	12.000000000	
88	14.170731544	
89	10.184035301	
90	17.197340012	
91	10.631929398	
92	14.447893143	
93	8.711751938	
94	11.501109123	
95	8.527716637	
96	12.831485748	
97	7.580931187	
98	9.607539177	
99	9.317072868	
100	10.000000000	
101	6.000000000	
102	10.000000000	
103	6.370288372	
104	12.000000000	
105	9.396895409	
106	10.820399284	
107	5.000000000	
108	11.000000000	
109	6.450110912	
110	10.000000000	
111	7.476718426	
112	11.000000000	
113	7.000000000	
114	12.516630173	
115	6.589800358	
116	10.629712105	
117	7.669622898	
118	13.139689445	
119	11.166296959	
120	16.192905426	
121	12.219511986	
122	16.246120453	
123	21.636363983	
124	29.299335480	
125	29.325942993	
126	36.352550507	
127	33.068737030	
128	34.108646393	
129	24.148559570	
130	23.188470840	
131	16.000000000	
132	18.000000000	
133	13.000000000	
134	14.000000000	
135	7.000000000	
136	12.000000000	
137	9.000000000	
138	10.000000000	
139	11.547672272	
140	11.725055695	
141	13.751663208	
142	16.778270721	
143	10.804878235	
144	14.831485748	
145	7.858093262	
146	12.884700775	
147	5.000000000	
148	12.000000000	
149	6.982261658	
150	13.000000000	
151	8.991130829	
152	12.000000000	
153	12.964523315	
154	16.853658676	
155	9.937915802	
156	13.849224091	
157	9.733924866	
158	12.796009064	
159	7.884700775	
160	9.000000000	
161	5.000000000	
162	9.844789505	
163	5.831485748	
164	8.454545021	
165	7.024390221	
166	8.583148956	
167	7.000000000	
168	13.000000000	
169	4.751663208	
170	11.738359451	
171	4.000000000	
172	11.711751938	
173	7.698447704	
174	15.685144424	
175	13.671840668	
176	21.658536911	
177	28.000000000	
178	31.000000000	
179	32.618625641	
180	31.000000000	
181	17.000000000	
182	21.578714371	
183	9.565410614	
184	17.104213715	
185	8.538803101	
186	10.525499344	
187	9.512195587	
188	13.501109123	
189	9.456762314	
190	18.055433273	
191	9.835920334	
192	14.554324150	
193	8.297117233	
194	11.419068336	
195	2.000000000	
196	10.392460823	
197	7.758315086	
198	12.097560883	
199	11.057649612	
200	14.356984138	
201	7.303769588	
202	8.625277519	
203	5.299335003	
204	7.572062016	
205	5.272727489	
206	10.259423256	
207	4.738358974	
208	7.465631962	
209	4.000000000	
210	7.206208229	
211	6.000000000	
212	9.359201431	
213	7.665188313	
214	12.458979607	
215	10.279378891	
216	19.379158020	
217	22.339246750	
218	29.199556351	
219	31.172948837	
220	28.219512939	
221	16.119733810	
222	15.093126297	
223	11.000000000	
224	14.980044365	
225	8.993348122	
226	11.013303757	
227	12.019955635	
228	16.000000000	
229	8.000000000	
230	15.059866905	
231	4.000000000	
232	13.000000000	
233	6.099778175	
234	11.000000000	
235	9.126385689	
236	13.139689445	
237	8.305986404	
238	11.332593918	
239	6.359201908	
240	9.385808945	
241	5.412416935	
242	9.439023972	
243	4.232815742	
244	10.492238998	
245	3.518846989	
246	9.545454979	
247	6.572062016	
248	9.598670006	
249	10.625277519	
250	13.651885033	
251	22.339246750	
252	32.352550507	
253	28.365854263	
254	32.000000000	
255	14.000000000	
256	18.000000000	
257	8.419068336	
258	11.000000000	
259	11.000000000	
260	14.000000000	
261	10.472283363	
262	13.485587120	
263	6.498891354	
264	10.000000000	
265	7.525498867	
266	11.000000000	
267	11.208425522	
268	12.696230888	
269	9.314855576	
270	13.368070602	
271	7.421286106	
272	11.474500656	
273	6.527716160	
274	7.580931187	
275	3.000000000	
276	9.000000000	
277	6.000000000	
278	10.698448181	
279	8.711751938	
280	14.725055695	
281	16.738359451	
282	29.751663208	
283	28.235033035	
284	28.000000000	
285	11.000000000	
286	12.804878235	
287	9.818181992	
288	11.831485748	
289	11.844789505	
290	15.858093262	
291	7.128602982	
292	12.000000000	
293	6.000000000	
294	13.000000000	
295	8.000000000	
296	16.000000000	
297	3.000000000	
298	14.000000000	
299	3.955654144	
300	8.982261658	
301	5.982261658	
302	9.946784973	
303	5.937915802	
304	9.911308289	
305	6.827051163	
306	10.716186523	
307	10.084257126	
308	16.097560883	
309	28.000000000	
310	33.124168396	
311	19.137472153	
312	19.150775909	
313	9.164079666	
314	9.177383423	
315	9.000000000	
316	16.000000000	
317	9.000000000	
318	15.000000000	
319	3.243902445	
320	11.257205963	
321	7.000000000	
322	15.716186523	
323	7.108647346	
324	12.068736076	
325	5.028824806	
326	7.325942516	
327	6.299335003	
328	11.909090996	
329	6.869179726	
330	10.829268456	
331	7.000000000	
332	12.416851044	
333	18.000000000	
334	27.000000000	
335	28.000000000	
336	28.000000000	
337	11.000000000	
338	12.000000000	
339	6.000000000	
340	13.000000000	
341	11.000000000	
342	12.000000000	
343	7.000000000	
344	13.000000000	
345	10.000000000	
346	14.000000000	
347	8.150775909	
348	10.110864639	
349	5.070953369	
350	9.031042099	
351	5.991130829	
352	9.951219559	
353	4.911308289	
354	7.580931187	
355	7.108647346	
356	11.791574478	
357	23.501108170	
358	30.474500656	
359	17.447893143	
360	17.631929398	
361	9.592018127	
362	11.552106857	
363	9.000000000	
364	13.000000000	
365	7.000000000	
366	11.000000000	
367	9.000000000	
368	14.000000000	
369	9.000000000	
370	15.000000000	
371	6.000000000	
372	11.000000000	
373	5.962306023	
374	8.000000000	
375	6.000000000	
376	11.997782707	
377	8.000000000	
378	14.000000000	
379	27.000000000	
380	36.944568634	
381	17.931262970	
382	15.917960167	
383	11.000000000	
384	11.000000000	
385	12.000000000	
386	12.000000000	
387	6.594234943	
388	8.647450447	
389	7.700664997	
390	14.753880501	
391	8.807095528	
392	8.860310555	
393	4.913525581	
394	8.966740608	
395	3.745011091	
396	9.000000000	
397	8.281596184	
398	15.000000000	
399	17.000000000	
400	29.000000000	
401	24.000000000	
402	19.000000000	
403	7.084257126	
404	12.498890877	
405	12.164079666	
406	15.006651878	
407	7.658536434	
408	12.711751938	
409	11.764966965	
410	15.363636017	
411	6.000000000	
412	9.000000000	
413	5.000000000	
414	11.000000000	
415	8.000000000	
416	11.000000000	
417	9.000000000	
418	16.000000000	
419	19.297117233	
420	31.762748718	
421	17.403547287	
422	20.456762314	
423	9.882483482	
424	14.563193321	
425	10.616408348	
426	16.669622421	
427	5.000000000	
428	12.305986404	
429	12.292682648	
430	15.279378891	
431	8.000000000	
432	12.000000000	
433	8.000000000	
434	9.000000000	
435	7.787139893	
436	12.000000000	
437	14.000000000	
438	21.172948837	
439	30.159645081	
440	24.146341324	
441	13.133037567	
442	12.000000000	
443	13.000000000	
444	16.000000000	
445	9.079822540	
446	12.000000000	
447	9.000000000	
448	14.000000000	
449	9.000000000	
450	10.000000000	
451	0.000000000	
