0	9.000000000	
1	14.054944992	
2	11.013766289	
3	13.183311462	
4	9.037483215	
5	13.282091141	
6	6.693950176	
7	11.461538315	
8	9.043473244	
9	13.901099205	
10	10.087912560	
11	13.903296471	
12	10.105494499	
13	14.024489403	
14	8.186982155	
15	12.835165024	
16	10.105494499	
17	13.734187126	
18	9.190411568	
19	11.874725342	
20	9.131868362	
21	13.769230843	
22	8.290109634	
23	12.747252464	
24	10.158242226	
25	13.780220032	
26	10.497959137	
27	14.716338158	
28	10.452071190	
29	12.814393997	
30	12.979471207	
31	14.904697418	
32	10.461538315	
33	14.650115013	
34	12.224175453	
35	15.692307472	
36	11.739668846	
37	14.195604324	
38	11.292766571	
39	15.571428299	
40	12.682405472	
41	14.756405830	
42	11.369231224	
43	15.676730156	
44	14.202970505	
45	16.733003616	
46	10.707692146	
47	16.276922226	
48	13.421977997	
49	17.461538315	
50	16.219779968	
51	17.775823593	
52	12.685714722	
53	16.417581558	
54	14.356043816	
55	18.724067688	
56	18.160945892	
57	22.585098267	
58	21.277357101	
59	25.447288513	
60	23.477720261	
61	27.285715103	
62	26.400434494	
63	29.753845215	
64	27.002197266	
65	31.469387054	
66	30.641757965	
67	35.534065247	
68	35.193672180	
69	39.340660095	
70	37.301776886	
71	44.232967377	
72	47.818016052	
73	56.425575256	
74	56.325275421	
75	57.716217041	
76	53.013187408	
77	53.610649109	
78	46.518367767	
79	42.039585114	
80	31.885763168	
81	29.200000763	
82	23.967781067	
83	24.193889618	
84	20.461538315	
85	22.043956757	
86	15.104069710	
87	15.730032921	
88	13.618475914	
89	16.915903091	
90	14.725275040	
91	16.399999619	
92	13.756188393	
93	12.973046303	
94	9.983311653	
95	13.802318573	
96	10.265933990	
97	11.360439301	
98	10.008283615	
99	13.026856422	
100	9.318681717	
101	11.112088203	
102	8.896703720	
103	11.868131638	
104	9.914285660	
105	11.248520851	
106	8.920879364	
107	11.059340477	
108	8.949450493	
109	10.281318665	
110	7.775389671	
111	10.702475548	
112	8.984615326	
113	9.503296852	
114	7.002197742	
115	10.048303604	
116	9.116483688	
117	11.044898033	
118	7.808356285	
119	10.230769157	
120	9.527472496	
121	11.886463165	
122	10.628571510	
123	13.288974762	
124	11.434730530	
125	11.658857346	
126	7.905325413	
127	11.150441170	
128	10.843955994	
129	12.149450302	
130	10.857142448	
131	13.560439110	
132	12.160439491	
133	11.707692146	
134	11.294505119	
135	14.516483307	
136	12.471392632	
137	13.119744301	
138	14.029995918	
139	17.587005615	
140	17.686389923	
141	21.345417023	
142	20.610988617	
143	24.228570938	
144	27.861537933	
145	34.692306519	
146	38.305496216	
147	44.315975189	
148	47.000000000	
149	51.035163879	
150	40.786739349	
151	37.555248260	
152	27.561887741	
153	24.937471390	
154	19.107692719	
155	18.048061371	
156	14.828571320	
157	12.296703339	
158	11.999855042	
159	12.547518730	
160	10.208790779	
161	11.520709991	
162	9.736263275	
163	10.325274467	
164	9.002198219	
165	8.637362480	
166	7.789807796	
167	9.531867981	
168	9.107692719	
169	10.514286041	
170	10.120879173	
171	11.325226784	
172	9.139354706	
173	8.859340668	
174	6.620263100	
175	7.869822502	
176	8.403018951	
177	9.773626328	
178	9.276802063	
179	11.032966614	
180	10.057722092	
181	9.832821846	
182	9.199999809	
183	10.949595451	
184	10.564255714	
185	10.780220032	
186	10.661659241	
187	13.398574829	
188	14.239560127	
189	14.753846169	
190	14.771162987	
191	19.772876740	
192	23.628160477	
193	30.026422501	
194	36.720878601	
195	43.142856598	
196	47.087574005	
197	44.753845215	
198	31.672262192	
199	22.947132111	
200	18.060741425	
201	14.669895172	
202	12.598623276	
203	12.702958107	
204	11.940852165	
205	11.397536278	
206	10.074676514	
207	10.180219650	
208	9.130612373	
209	8.521023750	
210	8.923076630	
211	9.608791351	
212	9.386064529	
213	11.723076820	
214	9.703296661	
215	8.692307472	
216	10.424176216	
217	10.046154022	
218	8.395604134	
219	8.593406677	
220	9.189470291	
221	8.971428871	
222	9.664847374	
223	11.190846443	
224	10.067455292	
225	11.043955803	
226	12.986813545	
227	13.505494118	
228	17.463735580	
229	19.446926117	
230	22.472526550	
231	27.461538315	
232	33.430770874	
233	41.391208649	
234	44.126529694	
235	40.076923370	
236	29.003816605	
237	19.194614410	
238	14.230769157	
239	12.323077202	
240	11.830334663	
241	9.880183220	
242	8.339258194	
243	8.137012482	
244	10.753846169	
245	8.846154213	
246	8.243955612	
247	8.199999809	
248	9.270329475	
249	8.716483116	
250	10.197802544	
251	8.896703720	
252	9.553846359	
253	8.556043625	
254	7.116483688	
255	8.637362480	
256	10.687911987	
257	10.740659714	
258	11.690110207	
259	12.110058784	
260	13.285714149	
261	12.279120445	
262	17.393405914	
263	24.953845978	
264	30.430021286	
265	35.813186646	
266	41.145561218	
267	42.000000000	
268	33.369232178	
269	20.591209412	
270	15.692790985	
271	12.381837845	
272	14.725275040	
273	12.800000191	
274	11.747252464	
275	9.263736725	
276	8.712981224	
277	8.947252274	
278	9.894626617	
279	7.707692146	
280	9.485207558	
281	7.620263100	
282	9.479121208	
283	8.005289078	
284	9.452698708	
285	9.000000000	
286	8.628571510	
287	9.476922989	
288	10.535901070	
289	9.789277077	
290	12.318560600	
291	13.777224541	
292	19.489675522	
293	24.765655518	
294	34.320709229	
295	42.050357819	
296	39.408790588	
297	27.263736725	
298	21.239561081	
299	15.657142639	
300	13.371573448	
301	10.205917358	
302	8.435381889	
303	7.004395485	
304	10.004395485	
305	8.989010811	
306	10.017582893	
307	9.626373291	
308	11.384614944	
309	8.000000000	
310	8.000000000	
311	8.632966995	
312	9.057143211	
313	8.361526489	
314	9.965197563	
315	8.846154213	
316	12.694505692	
317	13.213187218	
318	15.417654991	
319	17.728534698	
320	28.066055298	
321	37.034004211	
322	43.784614563	
323	31.401086807	
324	23.972467422	
325	12.979591370	
326	12.945972443	
327	7.564835072	
328	9.152855873	
329	6.639053345	
330	7.351165295	
331	6.587247849	
332	9.838498116	
333	7.571621895	
334	8.750199318	
335	9.318681717	
336	11.913609505	
337	9.817582130	
338	11.942856789	
339	10.413187027	
340	11.824175835	
341	11.520878792	
342	17.090303421	
343	18.461538315	
344	27.463735580	
345	35.142856598	
346	41.930465698	
347	32.092185974	
348	27.296703339	
349	12.698901176	
350	14.289940834	
351	12.118367195	
352	11.689023018	
353	8.272430420	
354	10.847047806	
355	8.659340858	
356	10.232483864	
357	8.499408722	
358	11.018404007	
359	8.315058708	
360	11.219901085	
361	9.024175644	
362	11.491727829	
363	10.010989189	
364	13.800000191	
365	14.186813354	
366	19.417003632	
367	22.821567535	
368	32.176067352	
369	42.016036987	
370	36.381595612	
371	18.000000000	
372	16.895471573	
373	11.993406296	
374	11.669919014	
375	7.703296661	
376	10.479121208	
377	8.685714722	
378	11.323077202	
379	8.668131828	
380	11.184881210	
381	7.751769066	
382	10.358242035	
383	7.791208744	
384	11.375823975	
385	8.923076630	
386	14.151648521	
387	16.195604324	
388	23.380268097	
389	27.338003159	
390	36.877552032	
391	32.815093994	
392	26.507692337	
393	11.681318283	
394	14.927472115	
395	9.049148560	
396	14.852746964	
397	8.589011192	
398	12.786330223	
399	6.492307663	
400	9.879120827	
401	9.593406677	
402	13.301098824	
403	8.457142830	
404	11.663736343	
405	9.329669952	
406	11.676922798	
407	10.265933990	
408	21.506267548	
409	26.978021622	
410	36.395603180	
411	39.700325012	
412	34.661537170	
413	14.117159843	
414	16.712450027	
415	9.989010811	
416	13.265306473	
417	10.334066391	
418	13.674725533	
419	10.316483498	
420	13.639053345	
421	9.522593498	
422	12.577587128	
423	7.453809738	
424	11.863736153	
425	10.309141159	
426	14.936264038	
427	14.615385056	
428	24.428426743	
429	32.085712433	
430	44.362636566	
431	27.342809677	
432	25.241758347	
433	11.145054817	
434	13.833136559	
435	10.362637520	
436	11.169230461	
437	9.186813354	
438	9.153725624	
439	10.070329666	
440	11.846515656	
441	7.305325508	
442	12.057143211	
443	9.335152626	
444	13.982465744	
445	13.480014801	
446	19.817533493	
447	20.686462402	
448	39.269821167	
449	36.501121521	
450	30.472286224	
451	11.553846359	
452	14.364013672	
453	9.739741325	
454	10.263736725	
455	10.000000000	
