0	9.000000000	
1	6.026490211	
2	9.066225052	
3	5.079470158	
4	9.105959892	
5	3.165562868	
6	8.198675156	
7	5.185430527	
8	9.158940315	
9	6.178807735	
10	10.264900208	
11	4.364238262	
12	6.397350788	
13	7.172185421	
14	10.185430527	
15	7.198675632	
16	10.317880630	
17	5.337748528	
18	12.238410950	
19	9.377483368	
20	11.397351265	
21	3.278145790	
22	10.291390419	
23	9.304636002	
24	12.476820946	
25	7.496688843	
26	12.344370842	
27	9.178808212	
28	13.185430527	
29	4.768211842	
30	11.794701576	
31	6.821192265	
32	10.847681999	
33	8.874172211	
34	13.900662422	
35	7.927152157	
36	10.953642845	
37	6.980132580	
38	13.258277893	
39	9.033112526	
40	12.059602737	
41	10.086092949	
42	16.112583160	
43	12.139072418	
44	17.165563583	
45	10.596026421	
46	13.913907051	
47	11.933774948	
48	15.953642845	
49	11.649006844	
50	15.993377686	
51	11.675497055	
52	11.688741684	
53	9.403973579	
54	13.430463791	
55	8.821191788	
56	12.483443260	
57	9.509933472	
58	14.536423683	
59	8.953642845	
60	10.589404106	
61	11.615894318	
62	14.642384529	
63	9.668873787	
64	14.695363998	
65	11.721854210	
66	17.748344421	
67	13.774834633	
68	16.801324844	
69	11.913907051	
70	16.927152634	
71	10.940397263	
72	16.953641891	
73	11.966887474	
74	15.980132103	
75	15.993377686	
76	14.503311157	
77	20.509933472	
78	23.066225052	
79	20.569536209	
80	27.529800415	
81	26.000000000	
82	33.086093903	
83	31.649005890	
84	34.112583160	
85	32.251655579	
86	34.278144836	
87	26.880794525	
88	27.331125259	
89	20.357616425	
90	20.384105682	
91	13.410595894	
92	15.046357155	
93	12.463576317	
94	14.490066528	
95	10.516556740	
96	13.543045998	
97	8.569536209	
98	13.596026421	
99	9.278145790	
100	9.311258316	
101	6.675496578	
102	9.026490211	
103	6.728477001	
104	11.754966736	
105	6.781456947	
106	10.807947159	
107	5.834436893	
108	6.860927105	
109	6.887417316	
110	9.913907051	
111	5.940397263	
112	9.966887474	
113	6.993377686	
114	11.019867897	
115	7.046357632	
116	10.072847366	
117	4.099337578	
118	9.125827789	
119	6.152318001	
120	10.178808212	
121	6.205297947	
122	10.231787682	
123	6.258278370	
124	11.284768105	
125	4.139072895	
126	9.172185898	
127	5.205297947	
128	10.390728951	
129	9.417218208	
130	12.304636002	
131	7.470198631	
132	13.496688843	
133	6.523178577	
134	14.549669266	
135	13.576158524	
136	16.602649689	
137	12.629138947	
138	16.655628204	
139	11.682119370	
140	12.708609581	
141	11.801324844	
142	13.761589050	
143	13.788079262	
144	13.860927582	
145	14.841059685	
146	12.900662422	
147	12.920529366	
148	16.920530319	
149	16.947019577	
150	22.973510742	
151	29.000000000	
152	33.986755371	
153	30.973510742	
154	33.940399170	
155	21.920530319	
156	24.900661469	
157	12.880794525	
158	14.860927582	
159	9.841059685	
160	12.821191788	
161	8.801324844	
162	13.781456947	
163	8.841059685	
164	8.741722107	
165	4.721854210	
166	8.701986313	
167	5.682119370	
168	9.662251472	
169	6.642384052	
170	10.748344421	
171	7.602649212	
172	11.582781792	
173	3.417218447	
174	7.390728474	
175	5.364238262	
176	10.337748528	
177	6.311258316	
178	10.463576317	
179	6.258278370	
180	6.231788158	
181	4.205297947	
182	10.178808212	
183	5.152318001	
184	13.125827789	
185	10.099337578	
186	14.072847366	
187	14.046357155	
188	12.019867897	
189	12.245033264	
190	13.225165367	
191	9.205298424	
192	15.185430527	
193	11.443708420	
194	16.430463791	
195	15.125827789	
196	18.807947159	
197	19.781457901	
198	29.066225052	
199	30.728477478	
200	31.701986313	
201	19.675497055	
202	18.649005890	
203	11.622516632	
204	10.596026421	
205	10.569536209	
206	10.543045998	
207	5.516556263	
208	9.867549896	
209	4.463576317	
210	8.827814102	
211	6.410595894	
212	9.788079262	
213	2.357615948	
214	7.331125736	
215	4.880794525	
216	9.278145790	
217	5.688741684	
218	10.668873787	
219	6.198675632	
220	9.172185898	
221	3.609271526	
222	8.589404106	
223	6.569536209	
224	12.549669266	
225	9.529801369	
226	14.509933472	
227	10.490066528	
228	13.960265160	
229	6.933774948	
230	14.384105682	
231	9.880794525	
232	15.854304314	
233	12.370861053	
234	19.801324844	
235	25.774833679	
236	27.748344421	
237	24.291391373	
238	22.271522522	
239	12.251655579	
240	13.231787682	
241	9.211920738	
242	11.192052841	
243	6.172185421	
244	9.152318001	
245	3.132450342	
246	8.112583160	
247	4.456953526	
248	7.430463791	
249	4.052979946	
250	9.377483368	
251	5.350993156	
252	8.324502945	
253	1.298013210	
254	6.271522999	
255	4.933774948	
256	10.218543053	
257	7.192052841	
258	11.165562630	
259	7.854304790	
260	12.112583160	
261	6.086092949	
262	11.059602737	
263	9.774834633	
264	12.754966736	
265	7.980132580	
266	16.715230942	
267	19.927152634	
268	26.675497055	
269	22.874172211	
270	20.847682953	
271	10.615894318	
272	11.596026421	
273	6.768211842	
274	9.741722107	
275	4.536423683	
276	7.688741684	
277	1.662251711	
278	6.635761738	
279	3.609271526	
280	8.437086105	
281	4.417218685	
282	8.397351265	
283	4.503311157	
284	9.476820946	
285	4.337748528	
286	8.317880630	
287	5.298013210	
288	10.278145790	
289	9.258277893	
290	14.238410950	
291	8.218543053	
292	9.198675156	
293	9.178808212	
294	11.105959892	
295	12.139072418	
296	21.119205475	
297	24.066225052	
298	26.079469681	
299	12.039734840	
300	15.026490211	
301	5.026490211	
302	8.000000000	
303	3.033112526	
304	5.066225052	
305	2.099337816	
306	7.158940315	
307	3.165562868	
308	5.198675632	
309	1.092715263	
310	6.158940315	
311	1.119205356	
312	8.132450104	
313	5.145695210	
314	9.158940315	
315	10.172185898	
316	9.185430527	
317	11.298013687	
318	11.423841476	
319	10.337748528	
320	15.357615471	
321	10.251655579	
322	23.132450104	
323	27.139072418	
324	28.145694733	
325	11.304636002	
326	12.476820946	
327	7.496688843	
328	10.344370842	
329	6.357615948	
330	11.370861053	
331	7.384106159	
332	6.596026421	
333	8.410595894	
334	8.635761261	
335	4.437086105	
336	9.450330734	
337	4.463576317	
338	9.715231895	
339	8.735099792	
340	13.503311157	
341	9.291390419	
342	12.324502945	
343	11.357615471	
344	14.112583160	
345	14.139072418	
346	18.165563583	
347	28.192052841	
348	28.609272003	
349	11.622516632	
350	11.635761261	
351	7.649006844	
352	10.993377686	
353	4.675496578	
354	7.688741684	
355	5.701986790	
356	10.072847366	
357	2.728476763	
358	7.741721630	
359	6.132450104	
360	9.768212318	
361	5.781456947	
362	13.794701576	
363	11.807947159	
364	12.231787682	
365	9.503311157	
366	13.543045998	
367	10.582781792	
368	14.185430527	
369	21.774833679	
370	31.801324844	
371	17.827814102	
372	17.390727997	
373	6.940397263	
374	10.953642845	
375	6.966887474	
376	8.980132103	
377	4.993377686	
378	10.006622314	
379	7.019867420	
380	10.033112526	
381	5.046357632	
382	10.589404106	
383	7.609271526	
384	14.086092949	
385	13.099337578	
386	15.112583160	
387	8.125827789	
388	12.139072418	
389	9.152318001	
390	16.748344421	
391	27.178808212	
392	29.192052841	
393	13.602648735	
394	16.218542099	
395	9.231787682	
396	10.245033264	
397	6.258278370	
398	9.271523476	
399	6.284768105	
400	11.298013687	
401	6.966887474	
402	11.324502945	
403	9.337748528	
404	12.026490211	
405	10.364238739	
406	15.377483368	
407	9.390728951	
408	15.403973579	
409	11.417218208	
410	18.430463791	
411	25.443708420	
412	30.456953049	
413	13.940397263	
414	15.225165367	
415	8.496688843	
416	10.754966736	
417	7.523178577	
418	11.536423683	
419	8.099337578	
420	11.125827789	
421	4.364238262	
422	12.384105682	
423	7.602649212	
424	11.615894318	
425	12.629138947	
426	17.463575363	
427	11.483443260	
428	16.503311157	
429	13.841059685	
430	21.695363998	
431	27.562913895	
432	24.721855164	
433	10.602648735	
434	14.622516632	
435	7.761589527	
436	9.774834633	
437	4.576159000	
438	11.602648735	
439	9.536423683	
440	12.655629158	
441	9.602648735	
442	15.635761261	
443	12.668873787	
444	14.761589050	
445	13.894040108	
446	14.907284737	
447	14.920529366	
448	16.933774948	
449	29.947019577	
450	29.960264206	
451	14.973509789	
452	13.986755371	
453	0.000000000	
