0	12.000000000	
1	13.000000000	
2	7.000000000	
3	13.000000000	
4	10.000000000	
5	14.000000000	
6	11.000000000	
7	15.000000000	
8	9.000000000	
9	11.000000000	
10	7.977777958	
11	14.000000000	
12	11.000000000	
13	13.000000000	
14	9.000000000	
15	15.000000000	
16	12.000000000	
17	15.000000000	
18	8.000000000	
19	13.000000000	
20	9.044444084	
21	14.000000000	
22	11.000000000	
23	15.000000000	
24	11.000000000	
25	15.000000000	
26	9.942222595	
27	14.939999580	
28	11.000000000	
29	14.000000000	
30	11.000000000	
31	16.000000000	
32	13.000000000	
33	16.000000000	
34	13.000000000	
35	18.000000000	
36	13.079999924	
37	16.000000000	
38	12.000000000	
39	18.000000000	
40	16.088888168	
41	21.000000000	
42	10.093333244	
43	18.000000000	
44	14.000000000	
45	16.899999619	
46	14.897777557	
47	19.895555496	
48	13.000000000	
49	15.000000000	
50	12.111110687	
51	15.113333702	
52	12.115555763	
53	16.000000000	
54	11.000000000	
55	16.000000000	
56	12.000000000	
57	12.126667023	
58	13.000000000	
59	15.000000000	
60	13.000000000	
61	19.000000000	
62	14.000000000	
63	19.000000000	
64	15.000000000	
65	16.000000000	
66	14.000000000	
67	16.000000000	
68	14.848889351	
69	18.000000000	
70	11.000000000	
71	17.000000000	
72	16.000000000	
73	17.000000000	
74	14.000000000	
75	18.000000000	
76	17.000000000	
77	23.000000000	
78	21.000000000	
79	30.000000000	
80	30.000000000	
81	33.819999695	
82	35.000000000	
83	39.000000000	
84	35.000000000	
85	35.000000000	
86	28.000000000	
87	30.000000000	
88	21.000000000	
89	18.000000000	
90	18.000000000	
91	19.000000000	
92	12.000000000	
93	15.000000000	
94	12.000000000	
95	16.000000000	
96	12.000000000	
97	15.000000000	
98	5.217777729	
99	11.220000267	
100	9.000000000	
101	13.000000000	
102	7.000000000	
103	10.000000000	
104	7.000000000	
105	13.000000000	
106	5.000000000	
107	11.762222290	
108	8.000000000	
109	10.757778168	
110	6.000000000	
111	11.000000000	
112	6.248888969	
113	7.251111031	
114	8.000000000	
115	12.000000000	
116	8.000000000	
117	12.000000000	
118	7.000000000	
119	10.000000000	
120	6.000000000	
121	10.000000000	
122	8.271111488	
123	10.273333549	
124	6.275555611	
125	11.277777672	
126	7.280000210	
127	13.282221794	
128	12.000000000	
129	15.000000000	
130	11.000000000	
131	17.000000000	
132	14.000000000	
133	18.000000000	
134	13.702221870	
135	17.000000000	
136	11.000000000	
137	12.000000000	
138	8.306666374	
139	15.000000000	
140	13.000000000	
141	16.313333511	
142	12.315555573	
143	17.317777634	
144	14.319999695	
145	18.322221756	
146	12.000000000	
147	17.000000000	
148	19.000000000	
149	31.000000000	
150	31.000000000	
151	37.000000000	
152	32.000000000	
153	32.000000000	
154	16.342222214	
155	19.000000000	
156	12.000000000	
157	14.000000000	
158	10.000000000	
159	14.000000000	
160	8.000000000	
161	9.000000000	
162	9.000000000	
163	12.000000000	
164	8.000000000	
165	9.000000000	
166	8.000000000	
167	12.000000000	
168	4.000000000	
169	14.000000000	
170	4.000000000	
171	11.000000000	
172	8.617777824	
173	11.000000000	
174	6.613333225	
175	12.000000000	
176	8.000000000	
177	10.000000000	
178	8.395555496	
179	13.397777557	
180	11.000000000	
181	17.000000000	
182	15.000000000	
183	18.000000000	
184	11.408888817	
185	12.411110878	
186	10.000000000	
187	16.000000000	
188	12.417778015	
189	15.420000076	
190	11.422222137	
191	17.000000000	
192	14.000000000	
193	17.000000000	
194	15.431111336	
195	26.000000000	
196	31.435556412	
197	37.000000000	
198	26.440000534	
199	24.442222595	
200	16.444444656	
201	16.446666718	
202	11.000000000	
203	12.548889160	
204	8.000000000	
205	11.000000000	
206	6.457777977	
207	12.000000000	
208	9.000000000	
209	9.000000000	
210	5.000000000	
211	8.000000000	
212	6.000000000	
213	12.000000000	
214	6.000000000	
215	11.000000000	
216	7.000000000	
217	9.000000000	
218	8.000000000	
219	14.486666679	
220	10.000000000	
221	14.000000000	
222	12.493332863	
223	16.495555878	
224	10.497777939	
225	14.000000000	
226	9.502222061	
227	14.000000000	
228	14.000000000	
229	17.000000000	
230	16.488889694	
231	15.000000000	
232	23.484443665	
233	27.964445114	
234	29.000000000	
235	33.000000000	
236	18.000000000	
237	18.000000000	
238	12.000000000	
239	12.000000000	
240	9.000000000	
241	10.000000000	
242	7.000000000	
243	10.460000038	
244	7.000000000	
245	12.000000000	
246	9.000000000	
247	11.000000000	
248	7.000000000	
249	12.000000000	
250	4.000000000	
251	10.000000000	
252	7.559999943	
253	12.562222481	
254	10.000000000	
255	15.566666603	
256	11.000000000	
257	13.000000000	
258	8.000000000	
259	14.000000000	
260	13.000000000	
261	15.000000000	
262	14.000000000	
263	15.000000000	
264	23.000000000	
265	24.000000000	
266	31.000000000	
267	30.000000000	
268	19.000000000	
269	17.000000000	
270	10.000000000	
271	13.000000000	
272	9.000000000	
273	13.000000000	
274	4.608889103	
275	9.000000000	
276	6.000000000	
277	11.000000000	
278	7.000000000	
279	10.000000000	
280	7.000000000	
281	11.000000000	
282	6.000000000	
283	13.000000000	
284	11.000000000	
285	15.000000000	
286	11.000000000	
287	15.000000000	
288	11.000000000	
289	15.000000000	
290	13.644444466	
291	15.000000000	
292	15.351111412	
293	18.000000000	
294	31.653333664	
295	34.000000000	
296	21.000000000	
297	23.000000000	
298	9.337778091	
299	12.335556030	
300	9.000000000	
301	13.000000000	
302	7.328888893	
303	12.000000000	
304	8.000000000	
305	9.000000000	
306	7.000000000	
307	10.317777634	
308	7.315555573	
309	11.000000000	
310	7.000000000	
311	14.000000000	
312	12.693333626	
313	15.000000000	
314	10.000000000	
315	14.699999809	
316	10.702221870	
317	18.000000000	
318	12.706666946	
319	19.708889008	
320	28.711111069	
321	33.000000000	
322	18.284444809	
323	16.000000000	
324	9.000000000	
325	12.722222328	
326	7.000000000	
327	11.000000000	
328	8.000000000	
329	11.000000000	
330	8.000000000	
331	10.000000000	
332	7.000000000	
333	10.000000000	
334	6.742222309	
335	14.000000000	
336	13.000000000	
337	15.000000000	
338	10.751111031	
339	13.753333092	
340	12.000000000	
341	16.000000000	
342	10.000000000	
343	20.000000000	
344	26.000000000	
345	33.233333588	
346	18.768888474	
347	16.771110535	
348	9.773333549	
349	14.775555611	
350	10.777777672	
351	11.779999733	
352	6.000000000	
353	12.000000000	
354	5.000000000	
355	10.000000000	
356	8.791110992	
357	13.000000000	
358	10.000000000	
359	17.000000000	
360	13.000000000	
361	12.000000000	
362	9.000000000	
363	13.000000000	
364	13.000000000	
365	15.000000000	
366	17.813333511	
367	32.000000000	
368	25.000000000	
369	25.180000305	
370	10.000000000	
371	13.000000000	
372	9.000000000	
373	12.000000000	
374	9.000000000	
375	13.000000000	
376	8.000000000	
377	11.000000000	
378	6.000000000	
379	10.000000000	
380	9.000000000	
381	16.000000000	
382	13.000000000	
383	16.000000000	
384	11.000000000	
385	15.000000000	
386	10.857777596	
387	16.860000610	
388	29.000000000	
389	35.000000000	
390	20.000000000	
391	18.000000000	
392	9.000000000	
393	11.873332977	
394	8.000000000	
395	12.122221947	
396	9.000000000	
397	12.000000000	
398	7.000000000	
399	12.000000000	
400	10.000000000	
401	15.000000000	
402	10.106666565	
403	15.104444504	
404	12.102222443	
405	14.000000000	
406	14.000000000	
407	14.904444695	
408	26.906665802	
409	34.908889771	
410	16.911111832	
411	17.913333893	
412	10.915555954	
413	13.917778015	
414	8.920000076	
415	10.922222137	
416	6.924444675	
417	10.926666260	
418	9.000000000	
419	12.000000000	
420	10.000000000	
421	11.000000000	
422	14.000000000	
423	13.000000000	
424	13.000000000	
425	18.000000000	
426	12.000000000	
427	18.000000000	
428	30.000000000	
429	31.000000000	
430	14.000000000	
431	17.000000000	
432	11.000000000	
433	11.000000000	
434	9.000000000	
435	12.000000000	
436	7.000000000	
437	11.000000000	
438	9.000000000	
439	14.000000000	
440	11.000000000	
441	15.000000000	
442	13.000000000	
443	15.000000000	
444	11.000000000	
445	17.000000000	
446	27.000000000	
447	37.000000000	
448	20.000000000	
449	18.000000000	
450	0.000000000	
