0	14.000000000	
1	20.008850098	
2	15.017699242	
3	17.033185959	
4	13.035398483	
5	19.055309296	
6	16.066371918	
7	19.061946869	
8	14.088495255	
9	20.079645157	
10	16.088495255	
11	18.121681213	
12	12.132743835	
13	19.143804550	
14	16.123893738	
15	19.132743835	
16	17.141592026	
17	22.150442123	
18	18.119468689	
19	22.168142319	
20	21.044248581	
21	25.092920303	
22	20.194690704	
23	24.152654648	
24	22.106195450	
25	28.110618591	
26	24.115043640	
27	26.179203033	
28	24.061946869	
29	30.064159393	
30	28.066371918	
31	32.137168884	
32	29.070796967	
33	33.000000000	
34	28.000000000	
35	29.922565460	
36	24.159292221	
37	29.245574951	
38	27.252212524	
39	31.345132828	
40	28.353982925	
41	33.362831116	
42	27.371681213	
43	29.285398483	
44	22.194690704	
45	26.099557877	
46	20.203538895	
47	22.311946869	
48	17.212388992	
49	19.325222015	
50	14.331858635	
51	17.338495255	
52	12.575221062	
53	15.469026566	
54	11.477875710	
55	14.486725807	
56	10.495574951	
57	16.504425049	
58	12.513274193	
59	12.522124290	
60	10.265486717	
61	14.269911766	
62	11.274335861	
63	16.139381409	
64	13.141592979	
65	17.143804550	
66	11.292035103	
67	14.296460152	
68	13.601769447	
69	13.610619545	
70	9.619468689	
71	13.628318787	
72	8.637167931	
73	12.646018028	
74	9.654867172	
75	13.497787476	
76	8.672566414	
77	11.681415558	
78	9.690265656	
79	13.699114799	
80	8.707964897	
81	14.716814041	
82	11.725664139	
83	13.734513283	
84	8.743362427	
85	13.752212524	
86	11.570796013	
87	13.769911766	
88	7.778760910	
89	13.590707779	
90	8.796460152	
91	8.805309296	
92	3.814159393	
93	8.028760910	
94	4.831858635	
95	8.840707779	
96	4.849557400	
97	8.858407021	
98	5.867256641	
99	10.095132828	
100	4.106194496	
101	8.893805504	
102	5.128318787	
103	8.911504745	
104	5.920353889	
105	10.161504745	
106	5.938053131	
107	7.946902752	
108	6.716814041	
109	8.723451614	
110	4.973451138	
111	8.982300758	
112	5.991150379	
113	12.000000000	
114	7.756637096	
115	7.017699242	
116	6.026548862	
117	9.035398483	
118	5.044247627	
119	9.053097725	
120	7.061946869	
121	11.070796013	
122	6.079646111	
123	9.088495255	
124	10.823008537	
125	14.106194496	
126	11.115044594	
127	17.404867172	
128	18.415929794	
129	27.426990509	
130	28.150442123	
131	34.159290314	
132	27.460176468	
133	30.471239090	
134	21.482301712	
135	20.493362427	
136	15.902654648	
137	18.909292221	
138	12.221239090	
139	14.537611008	
140	9.238938332	
141	14.247787476	
142	11.256637573	
143	15.265486717	
144	11.592920303	
145	15.283185959	
146	9.292035103	
147	10.300885201	
148	6.654867172	
149	11.659292221	
150	8.663717270	
151	12.668141365	
152	9.672566414	
153	13.676991463	
154	8.022124290	
155	9.685840607	
156	4.725663662	
157	9.736725807	
158	6.398230076	
159	10.407079697	
160	6.415929317	
161	9.424778938	
162	5.433628082	
163	9.442478180	
164	2.725663662	
165	7.095132828	
166	4.101769924	
167	9.108407021	
168	6.115044117	
169	10.121681213	
170	6.752212524	
171	10.756637573	
172	4.380530834	
173	9.382743835	
174	5.769911289	
175	9.774335861	
176	7.168141365	
177	13.174778938	
178	11.181415558	
179	14.188053131	
180	19.796461105	
181	26.201328278	
182	29.207963943	
183	33.809734344	
184	22.221239090	
185	21.227876663	
186	14.823008537	
187	12.241150856	
188	10.831858635	
189	15.836282730	
190	12.840707779	
191	15.845132828	
192	10.849557877	
193	13.853981972	
194	7.287610531	
195	8.862832069	
196	8.734513283	
197	12.743362427	
198	10.752212524	
199	14.761061668	
200	8.769911766	
201	11.778760910	
202	6.787610531	
203	6.796460152	
204	4.353982449	
205	9.360619545	
206	5.823009014	
207	8.831858635	
208	5.840707779	
209	11.849557877	
210	6.323009014	
211	6.867256641	
212	2.876106262	
213	7.884955883	
214	6.893805504	
215	8.902654648	
216	9.389380455	
217	8.920353889	
218	12.929203987	
219	10.938053131	
220	17.460176468	
221	21.466814041	
222	29.473451614	
223	30.986724854	
224	15.991150856	
225	18.995574951	
226	13.000000000	
227	14.502212524	
228	10.504425049	
229	15.506637573	
230	11.017699242	
231	13.533185959	
232	8.539822578	
233	13.546460152	
234	10.035398483	
235	13.559734344	
236	9.044247627	
237	12.048672676	
238	7.579646111	
239	10.586282730	
240	4.592920303	
241	9.599557877	
242	5.606194496	
243	6.075221062	
244	6.079646111	
245	10.084071159	
246	5.088495731	
247	7.639380455	
248	4.097345352	
249	9.101769447	
250	5.106194496	
251	7.665929317	
252	10.672566414	
253	14.679203987	
254	15.123893738	
255	27.128318787	
256	27.132743835	
257	26.705751419	
258	15.141592979	
259	14.719026566	
260	9.150442123	
261	14.732300758	
262	11.738938332	
263	13.163717270	
264	7.168141365	
265	11.172566414	
266	8.765486717	
267	13.181415558	
268	7.185840607	
269	10.190265656	
270	6.792035580	
271	9.798672676	
272	5.203539848	
273	11.811946869	
274	7.212389469	
275	6.216814041	
276	5.442477703	
277	8.451327324	
278	5.460176945	
279	9.469026566	
280	6.477876186	
281	11.486725807	
282	8.495574951	
283	12.504425049	
284	18.513275146	
285	27.522123337	
286	26.898229599	
287	24.904867172	
288	13.274335861	
289	16.278760910	
290	13.283185959	
291	14.287611008	
292	8.584071159	
293	10.592920303	
294	7.601769924	
295	15.263274193	
296	12.274335861	
297	13.628318787	
298	7.637167931	
299	12.646018028	
300	6.654867172	
301	11.663717270	
302	5.672566414	
303	7.681416035	
304	6.690265656	
305	11.699114799	
306	6.707964420	
307	9.716814041	
308	10.362832069	
309	11.367256165	
310	10.371681213	
311	18.376106262	
312	25.380531311	
313	33.384956360	
314	17.084070206	
315	14.393805504	
316	11.796460152	
317	16.506637573	
318	12.814159393	
319	15.823008537	
320	10.831858635	
321	13.840707779	
322	9.849557877	
323	14.858407021	
324	8.584071159	
325	10.876106262	
326	6.884955883	
327	9.893805504	
328	5.902654648	
329	12.911504745	
330	8.920353889	
331	9.929203987	
332	5.203539848	
333	12.210177422	
334	9.216814041	
335	14.964601517	
336	18.973451614	
337	31.982301712	
338	25.738937378	
339	20.750000000	
340	13.008849144	
341	15.263274193	
342	13.269911766	
343	13.276548386	
344	11.522124290	
345	11.526548386	
346	15.530973434	
347	9.535398483	
348	9.079646111	
349	9.088495255	
350	7.323009014	
351	10.106194496	
352	7.336283207	
353	14.123893738	
354	7.132743359	
355	14.141592979	
356	5.150442600	
357	12.949114799	
358	11.168141365	
359	16.176990509	
360	26.185840607	
361	34.194690704	
362	16.203538895	
363	14.409292221	
364	11.415928841	
365	16.422565460	
366	10.429203987	
367	12.623893738	
368	10.628318787	
369	13.632743835	
370	6.637167931	
371	9.641592979	
372	8.115044594	
373	10.126106262	
374	6.137167931	
375	11.318584442	
376	8.327433586	
377	11.336282730	
378	6.508849621	
379	10.676991463	
380	14.362832069	
381	19.371681213	
382	29.535398483	
383	31.542036057	
384	15.398230553	
385	19.258850098	
386	14.269911766	
387	14.280973434	
388	8.575221062	
389	14.581858635	
390	12.588495255	
391	13.730088234	
392	7.734513283	
393	13.738938332	
394	8.615044594	
395	6.621681213	
396	5.504424572	
397	13.513274193	
398	6.522123814	
399	12.530973434	
400	10.539822578	
401	17.548671722	
402	25.557521820	
403	34.566371918	
404	16.575222015	
405	15.688053131	
406	11.796460152	
407	15.800885201	
408	8.805309296	
409	13.809734344	
410	11.814159393	
411	12.818584442	
412	7.823009014	
413	11.827433586	
414	6.831858635	
415	9.836282730	
416	7.840707779	
417	13.767699242	
418	8.849557877	
419	11.780973434	
420	6.929203510	
421	16.931415558	
422	25.867256165	
423	30.871681213	
424	14.876106262	
425	15.880531311	
426	14.884955406	
427	16.889381409	
428	11.787611008	
429	16.796461105	
430	12.805309296	
431	14.814159393	
432	10.823008537	
433	14.873893738	
434	9.840707779	
435	9.849557877	
436	9.929203987	
437	10.933628082	
438	8.938053131	
439	12.942478180	
440	16.946903229	
441	30.926990509	
442	20.933628082	
443	18.960176468	
444	12.946902275	
445	16.953538895	
446	11.960177422	
447	15.966814041	
448	12.982300758	
449	13.986725807	
450	7.986725807	
451	11.995574951	
452	0.000000000	
