0	10.000000000	
1	9.000000000	
2	8.000000000	
3	4.013303757	
4	7.017738342	
5	4.033259392	
6	9.026607513	
7	4.031042099	
8	10.035476685	
9	6.039911270	
10	7.044345856	
11	5.024390221	
12	10.026607513	
13	2.028824806	
14	12.000000000	
15	4.033259392	
16	13.035476685	
17	4.037693977	
18	9.000000000	
19	6.042128563	
20	12.000000000	
21	4.046563148	
22	11.000000000	
23	8.000000000	
24	10.053215027	
25	10.000000000	
26	11.057649612	
27	1.179600835	
28	9.124168396	
29	7.192904472	
30	10.133037567	
31	5.068736076	
32	9.070953369	
33	6.146341324	
34	11.150775909	
35	5.155210495	
36	10.159645081	
37	8.164079666	
38	11.168514252	
39	7.172948837	
40	12.088691711	
41	8.181818008	
42	11.186252594	
43	11.000000000	
44	15.000000000	
45	11.000000000	
46	15.000000000	
47	13.000000000	
48	19.000000000	
49	14.000000000	
50	15.000000000	
51	8.226163864	
52	13.115299225	
53	10.117516518	
54	14.239467621	
55	11.121951103	
56	14.124168396	
57	9.252771378	
58	13.128602982	
59	9.261640549	
60	14.266075134	
61	8.270509720	
62	12.274944305	
63	11.279378891	
64	15.283813477	
65	10.288248062	
66	16.146341324	
67	11.297117233	
68	16.301551819	
69	13.305986404	
70	16.310420990	
71	12.314855576	
72	18.319290161	
73	15.323724747	
74	19.328159332	
75	19.000000000	
76	27.000000000	
77	27.000000000	
78	31.827051163	
79	29.000000000	
80	34.000000000	
81	29.000000000	
82	29.000000000	
83	21.000000000	
84	25.186252594	
85	15.188469887	
86	19.190687180	
87	12.192904472	
88	12.000000000	
89	9.000000000	
90	8.800443649	
91	7.403547764	
92	10.407981873	
93	7.412416935	
94	11.625277519	
95	6.421286106	
96	10.425720215	
97	6.430155277	
98	8.651885033	
99	3.219512224	
100	11.221729279	
101	5.000000000	
102	12.000000000	
103	3.228381395	
104	13.230598450	
105	5.232815742	
106	8.235033035	
107	3.000000000	
108	7.239467621	
109	4.241684914	
110	9.000000000	
111	5.246119499	
112	9.000000000	
113	4.000000000	
114	7.252771854	
115	3.254988909	
116	7.000000000	
117	3.259423494	
118	9.261640549	
119	6.000000000	
120	9.000000000	
121	5.000000000	
122	10.000000000	
123	2.545454502	
124	6.549889088	
125	4.554323673	
126	8.558758736	
127	4.563192844	
128	9.567627907	
129	5.858093262	
130	6.576496601	
131	7.580931187	
132	9.878048897	
133	7.589800358	
134	12.594235420	
135	9.598670006	
136	15.904656410	
137	11.607539177	
138	10.917960167	
139	7.616407871	
140	12.310420990	
141	8.625277519	
142	12.314855576	
143	8.634146690	
144	12.638581276	
145	10.643015862	
146	15.647450447	
147	19.651884079	
148	27.328159332	
149	26.330377579	
150	28.665187836	
151	21.334812164	
152	20.337028503	
153	12.339245796	
154	12.341463089	
155	7.343680859	
156	12.000000000	
157	8.000000000	
158	10.350332260	
159	6.000000000	
160	9.354766846	
161	5.000000000	
162	7.000000000	
163	2.361418962	
164	8.363636017	
165	5.365853786	
166	8.368070602	
167	5.000000000	
168	10.372505188	
169	4.374722958	
170	5.000000000	
171	3.758314848	
172	7.762749672	
173	3.767184019	
174	7.771618843	
175	4.776053429	
176	8.170731544	
177	3.784922361	
178	6.789357185	
179	3.396895885	
180	7.798226357	
181	5.802660942	
182	10.807095528	
183	6.811530113	
184	12.815964699	
185	10.410199165	
186	12.412416458	
187	5.414634228	
188	10.833703041	
189	8.838137627	
190	14.842572212	
191	11.423502922	
192	14.851441383	
193	13.855875969	
194	20.860309601	
195	24.864744186	
196	27.869178772	
197	20.873613358	
198	19.878047943	
199	11.882483482	
200	12.886918068	
201	6.891352654	
202	7.895787239	
203	5.900221825	
204	8.904656410	
205	5.909090996	
206	8.913525581	
207	3.376940250	
208	7.922394753	
209	3.926829338	
210	3.931263924	
211	2.935698509	
212	6.940133095	
213	3.944567680	
214	7.949002266	
215	4.953436852	
216	8.957871437	
217	4.962306023	
218	8.966740608	
219	5.000000000	
220	8.000000000	
221	5.490022182	
222	11.000000000	
223	8.000000000	
224	15.000000000	
225	11.498890877	
226	12.501109123	
227	6.503325939	
228	12.505543709	
229	11.000000000	
230	15.000000000	
231	13.000000000	
232	24.514411926	
233	25.000000000	
234	26.518846512	
235	14.042128563	
236	17.046564102	
237	10.050997734	
238	10.055432320	
239	5.059866905	
240	9.064301491	
241	4.068736076	
242	7.073170662	
243	5.000000000	
244	7.541019917	
245	3.543237209	
246	8.545454979	
247	5.000000000	
248	8.549889565	
249	5.552106380	
250	10.554324150	
251	1.113082051	
252	10.117516518	
253	3.121951103	
254	9.126385689	
255	6.130820274	
256	11.135254860	
257	11.139689445	
258	11.144124031	
259	10.574279785	
260	13.576497078	
261	10.578714371	
262	15.000000000	
263	13.000000000	
264	23.000000000	
265	25.000000000	
266	29.589799881	
267	16.000000000	
268	18.000000000	
269	7.596452236	
270	14.000000000	
271	3.600886822	
272	10.603104591	
273	2.605321407	
274	9.000000000	
275	4.219511986	
276	7.223946571	
277	4.228381157	
278	10.232815742	
279	6.855875969	
280	9.241684914	
281	4.246119499	
282	8.250554085	
283	1.000000000	
284	8.000000000	
285	6.000000000	
286	11.000000000	
287	9.000000000	
288	15.000000000	
289	9.000000000	
290	9.356984138	
291	9.000000000	
292	17.647449493	
293	15.000000000	
294	28.000000000	
295	19.654102325	
296	22.656318665	
297	8.658536911	
298	11.000000000	
299	4.325942516	
300	8.330376625	
301	3.334811449	
302	7.339246273	
303	4.343680859	
304	9.348114967	
305	4.352550030	
306	5.356984615	
307	3.319290400	
308	6.000000000	
309	4.000000000	
310	9.000000000	
311	5.000000000	
312	10.000000000	
313	9.000000000	
314	12.000000000	
315	2.301552057	
316	13.000000000	
317	10.000000000	
318	12.705100060	
319	15.000000000	
320	27.000000000	
321	23.000000000	
322	22.000000000	
323	8.716186523	
324	12.000000000	
325	5.720620632	
326	8.000000000	
327	6.000000000	
328	9.000000000	
329	3.000000000	
330	7.000000000	
331	6.000000000	
332	9.000000000	
333	4.000000000	
334	7.000000000	
335	3.000000000	
336	10.000000000	
337	8.000000000	
338	10.000000000	
339	7.503325939	
340	12.753880501	
341	10.756097794	
342	15.516630173	
343	13.760532379	
344	24.762748718	
345	23.764966965	
346	24.534368515	
347	7.769401550	
348	10.543237686	
349	5.547671795	
350	9.552106857	
351	7.556540966	
352	11.560976028	
353	5.565410137	
354	6.784922600	
355	5.574279308	
356	7.578713894	
357	5.583148479	
358	10.381374359	
359	5.592017651	
360	11.394678116	
361	9.401329994	
362	12.605321884	
363	8.609756470	
364	13.421285629	
365	7.618625164	
366	15.623060226	
367	22.627494812	
368	25.631929398	
369	13.454545021	
370	12.461196899	
371	6.822616577	
372	8.824833870	
373	3.827050924	
374	8.658536911	
375	5.662971020	
376	9.667406082	
377	5.835920334	
378	10.838137627	
379	3.840354681	
380	10.000000000	
381	7.844789505	
382	10.847006798	
383	8.000000000	
384	14.851441383	
385	10.853658676	
386	12.855875969	
387	12.716186523	
388	20.720621109	
389	24.725055695	
390	21.729490280	
391	9.733924866	
392	13.738359451	
393	5.742793560	
394	8.747228622	
395	5.751663208	
396	11.756097794	
397	3.760532141	
398	12.764966965	
399	5.769401550	
400	12.773836136	
401	4.778270721	
402	13.674057961	
403	7.467849255	
404	15.478935242	
405	7.490022182	
406	16.501108170	
407	13.512195587	
408	20.523281097	
409	26.627494812	
410	20.636363983	
411	7.822616577	
412	12.827051163	
413	7.831485748	
414	9.835920334	
415	6.840354919	
416	12.844789505	
417	6.849224091	
418	7.780488014	
419	5.000000000	
420	9.931263924	
421	5.933481216	
422	12.000000000	
423	11.937915802	
424	15.940133095	
425	10.942350388	
426	16.944566727	
427	11.000000000	
428	26.000000000	
429	14.951219559	
430	18.000000000	
431	6.955654144	
432	12.957871437	
433	7.000000000	
434	9.000000000	
435	5.929046631	
436	8.966740608	
437	4.968957901	
438	8.942350388	
439	4.973392487	
440	9.975609779	
441	8.955654144	
442	13.980044365	
443	4.000000000	
444	13.000000000	
445	11.000000000	
446	21.000000000	
447	25.991130829	
448	24.993347168	
449	9.995565414	
450	11.000000000	
451	0.000000000	
