0	15.000000000	
1	10.982339859	
2	12.000000000	
3	12.000000000	
4	14.929359436	
5	8.000000000	
6	13.000000000	
7	10.000000000	
8	13.000000000	
9	10.000000000	
10	15.000000000	
11	11.000000000	
12	13.211920738	
13	10.000000000	
14	16.000000000	
15	8.000000000	
16	17.000000000	
17	10.699779510	
18	18.000000000	
19	9.664459229	
20	18.000000000	
21	7.000000000	
22	15.000000000	
23	11.000000000	
24	13.000000000	
25	11.000000000	
26	16.459161758	
27	12.000000000	
28	16.000000000	
29	6.512141228	
30	16.000000000	
31	10.000000000	
32	16.434879303	
33	8.000000000	
34	16.000000000	
35	8.000000000	
36	16.000000000	
37	8.000000000	
38	17.000000000	
39	10.311258316	
40	18.000000000	
41	10.000000000	
42	17.258277893	
43	11.000000000	
44	19.000000000	
45	12.000000000	
46	18.000000000	
47	14.000000000	
48	18.000000000	
49	16.000000000	
50	20.000000000	
51	17.000000000	
52	23.000000000	
53	19.064018250	
54	25.000000000	
55	20.971302032	
56	25.000000000	
57	25.000000000	
58	29.000000000	
59	25.041942596	
60	31.059602737	
61	21.922737122	
62	30.000000000	
63	23.000000000	
64	30.869756699	
65	23.852096558	
66	33.000000000	
67	26.000000000	
68	33.598232269	
69	27.437086105	
70	34.236202240	
71	32.253864288	
72	40.271522522	
73	41.289184570	
74	49.000000000	
75	49.000000000	
76	58.342163086	
77	53.920528412	
78	56.245033264	
79	44.000000000	
80	48.412803650	
81	35.430461884	
82	38.448123932	
83	25.000000000	
84	26.516555786	
85	18.000000000	
86	24.000000000	
87	16.000000000	
88	23.000000000	
89	13.000000000	
90	21.000000000	
91	12.000000000	
92	16.000000000	
93	13.000000000	
94	19.000000000	
95	9.000000000	
96	15.304636002	
97	7.286975861	
98	15.000000000	
99	7.000000000	
100	14.000000000	
101	7.000000000	
102	15.000000000	
103	8.000000000	
104	16.000000000	
105	8.000000000	
106	17.000000000	
107	9.000000000	
108	13.000000000	
109	11.000000000	
110	13.000000000	
111	8.000000000	
112	12.022074699	
113	9.000000000	
114	12.000000000	
115	9.000000000	
116	14.048564911	
117	6.000000000	
118	14.000000000	
119	7.000000000	
120	15.000000000	
121	8.000000000	
122	15.000000000	
123	7.000000000	
124	15.000000000	
125	6.792494297	
126	10.774834633	
127	8.000000000	
128	13.739514351	
129	10.000000000	
130	13.000000000	
131	10.000000000	
132	15.000000000	
133	6.348785877	
134	15.000000000	
135	8.615894318	
136	17.598234177	
137	11.000000000	
138	21.000000000	
139	16.000000000	
140	25.527593613	
141	23.000000000	
142	31.000000000	
143	23.000000000	
144	29.000000000	
145	29.439292908	
146	37.000000000	
147	44.000000000	
148	53.000000000	
149	48.000000000	
150	53.649005890	
151	35.000000000	
152	34.000000000	
153	17.000000000	
154	21.000000000	
155	15.000000000	
156	16.000000000	
157	6.772626877	
158	16.000000000	
159	8.000000000	
160	16.000000000	
161	9.000000000	
162	15.000000000	
163	5.000000000	
164	13.000000000	
165	5.000000000	
166	13.000000000	
167	5.050772667	
168	15.000000000	
169	9.000000000	
170	17.000000000	
171	8.000000000	
172	14.000000000	
173	6.000000000	
174	12.000000000	
175	10.000000000	
176	13.000000000	
177	8.000000000	
178	13.000000000	
179	10.000000000	
180	14.000000000	
181	7.607064247	
182	15.000000000	
183	7.231788158	
184	15.249447823	
185	8.732892036	
186	17.715230942	
187	11.302428246	
188	20.320087433	
189	21.662252426	
190	24.000000000	
191	19.373067856	
192	24.781457901	
193	26.816776276	
194	39.426048279	
195	44.556289673	
196	54.538631439	
197	37.520973206	
198	41.000000000	
199	19.514348984	
200	21.000000000	
201	10.549669266	
202	16.567329407	
203	11.000000000	
204	15.000000000	
205	10.000000000	
206	14.000000000	
207	10.000000000	
208	13.000000000	
209	9.000000000	
210	12.000000000	
211	7.000000000	
212	10.000000000	
213	4.000000000	
214	12.000000000	
215	6.000000000	
216	13.000000000	
217	5.832229614	
218	16.000000000	
219	9.000000000	
220	13.000000000	
221	9.902870178	
222	13.920529366	
223	9.000000000	
224	12.000000000	
225	10.973509789	
226	18.991170883	
227	19.000000000	
228	24.000000000	
229	19.000000000	
230	27.938190460	
231	25.920530319	
232	36.097129822	
233	45.000000000	
234	49.867549896	
235	34.000000000	
236	28.335540771	
237	16.814569473	
238	17.000000000	
239	9.000000000	
240	14.000000000	
241	11.256071091	
242	13.000000000	
243	8.000000000	
244	15.000000000	
245	6.000000000	
246	14.000000000	
247	6.000000000	
248	14.000000000	
249	7.000000000	
250	15.000000000	
251	7.000000000	
252	14.000000000	
253	4.000000000	
254	12.000000000	
255	5.496688843	
256	14.000000000	
257	7.000000000	
258	16.000000000	
259	10.000000000	
260	19.000000000	
261	16.390727997	
262	22.119205475	
263	23.710817337	
264	32.000000000	
265	41.679912567	
266	51.000000000	
267	34.715232849	
268	32.465782166	
269	16.249448776	
270	21.231788635	
271	5.214128017	
272	14.196468353	
273	8.000000000	
274	13.838851929	
275	8.856512070	
276	13.874172211	
277	4.108167648	
278	14.000000000	
279	5.000000000	
280	15.000000000	
281	7.000000000	
282	14.000000000	
283	9.000000000	
284	11.000000000	
285	5.966887474	
286	13.898454666	
287	6.863134861	
288	15.913907051	
289	11.000000000	
290	22.000000000	
291	16.860927582	
292	26.529800415	
293	26.000000000	
294	35.576160431	
295	39.629138947	
296	42.227371216	
297	20.000000000	
298	23.262693405	
299	11.280353546	
300	15.000000000	
301	7.631346703	
302	13.333333015	
303	6.000000000	
304	14.000000000	
305	6.000000000	
306	15.000000000	
307	7.000000000	
308	12.560706139	
309	2.456953526	
310	13.474614143	
311	4.492273808	
312	15.000000000	
313	7.472406387	
314	13.454746246	
315	10.000000000	
316	16.580574036	
317	18.196468353	
318	26.000000000	
319	24.366445541	
320	32.000000000	
321	43.331127167	
322	46.313465118	
323	21.591611862	
324	19.668874741	
325	8.000000000	
326	15.757174492	
327	8.549669266	
328	15.792494774	
329	8.000000000	
330	15.172185898	
331	7.000000000	
332	14.000000000	
333	7.119205475	
334	12.796909332	
335	6.083885193	
336	15.801324844	
337	7.194260597	
338	14.938189507	
339	8.000000000	
340	15.995585442	
341	12.088299751	
342	22.079469681	
343	23.000000000	
344	30.075056076	
345	41.278144836	
346	48.331127167	
347	24.384105682	
348	21.000000000	
349	14.000000000	
350	15.000000000	
351	10.000000000	
352	14.000000000	
353	9.000000000	
354	14.000000000	
355	10.000000000	
356	11.000000000	
357	6.000000000	
358	13.322296143	
359	5.339955807	
360	14.357615471	
361	8.000000000	
362	16.392936707	
363	9.000000000	
364	16.428256989	
365	22.000000000	
366	25.000000000	
367	26.481235504	
368	47.498897552	
369	36.000000000	
370	29.534215927	
371	13.551876068	
372	18.569536209	
373	6.000000000	
374	14.000000000	
375	6.000000000	
376	13.640176773	
377	7.000000000	
378	16.000000000	
379	8.000000000	
380	15.000000000	
381	6.000000000	
382	15.000000000	
383	8.000000000	
384	13.781456947	
385	13.000000000	
386	18.816776276	
387	21.000000000	
388	26.852096558	
389	37.000000000	
390	50.000000000	
391	28.094923019	
392	23.077262878	
393	11.000000000	
394	16.000000000	
395	9.975717545	
396	14.986755371	
397	6.000000000	
398	14.971302032	
399	7.953642368	
400	16.000000000	
401	9.000000000	
402	16.000000000	
403	7.883002281	
404	14.865342140	
405	7.000000000	
406	20.000000000	
407	18.812362671	
408	28.000000000	
409	33.000000000	
410	49.240619659	
411	28.000000000	
412	23.724061966	
413	8.706401825	
414	14.688741684	
415	7.671081543	
416	16.000000000	
417	7.364238262	
418	15.381898880	
419	7.399558544	
420	13.417218208	
421	10.434878349	
422	14.000000000	
423	5.000000000	
424	16.000000000	
425	10.505518913	
426	23.000000000	
427	20.000000000	
428	29.441501617	
429	42.000000000	
430	47.000000000	
431	17.611478806	
432	22.000000000	
433	9.000000000	
434	17.335540771	
435	8.000000000	
436	17.000000000	
437	5.000000000	
438	15.000000000	
439	8.000000000	
440	15.000000000	
441	7.000000000	
442	16.000000000	
443	10.000000000	
444	18.000000000	
445	19.000000000	
446	24.000000000	
447	35.894039154	
448	50.000000000	
449	27.000000000	
450	25.000000000	
451	12.000000000	
452	17.000000000	
453	0.000000000	
