0	24.000000000	
1	20.984340668	
2	25.000000000	
3	22.000000000	
4	25.062639236	
5	21.000000000	
6	24.906040192	
7	22.890380859	
8	27.000000000	
9	25.859060287	
10	29.843400955	
11	24.000000000	
12	30.187919617	
13	29.000000000	
14	32.000000000	
15	28.234899521	
16	32.250560760	
17	31.266220093	
18	36.281879425	
19	33.297538757	
20	38.626399994	
21	35.328857422	
22	35.344520569	
23	33.000000000	
24	36.375839233	
25	33.391498566	
26	38.000000000	
27	33.000000000	
28	34.438480377	
29	28.908277512	
30	32.469799042	
31	24.970916748	
32	27.501117706	
33	23.000000000	
34	27.000000000	
35	25.000000000	
36	28.000000000	
37	21.579418182	
38	23.595077515	
39	17.000000000	
40	23.000000000	
41	15.000000000	
42	19.342281342	
43	14.000000000	
44	14.000000000	
45	13.704697609	
46	15.720357895	
47	11.000000000	
48	16.000000000	
49	12.000000000	
50	16.000000000	
51	12.798657417	
52	17.000000000	
53	12.000000000	
54	13.845637321	
55	13.000000000	
56	17.000000000	
57	12.892617226	
58	16.000000000	
59	14.000000000	
60	19.000000000	
61	14.000000000	
62	15.029082298	
63	15.986577034	
64	17.000000000	
65	13.000000000	
66	16.000000000	
67	10.000000000	
68	14.000000000	
69	10.000000000	
70	13.000000000	
71	7.111856937	
72	12.000000000	
73	9.000000000	
74	13.841163635	
75	10.000000000	
76	13.000000000	
77	8.205816269	
78	12.000000000	
79	9.000000000	
80	16.000000000	
81	14.000000000	
82	16.000000000	
83	11.000000000	
84	16.000000000	
85	11.000000000	
86	12.346755981	
87	9.000000000	
88	11.000000000	
89	7.000000000	
90	11.000000000	
91	6.574944019	
92	12.000000000	
93	8.543623924	
94	9.000000000	
95	5.000000000	
96	9.000000000	
97	7.000000000	
98	11.000000000	
99	8.000000000	
100	11.000000000	
101	7.000000000	
102	10.000000000	
103	8.000000000	
104	10.000000000	
105	5.000000000	
106	10.000000000	
107	7.000000000	
108	11.000000000	
109	8.000000000	
110	13.000000000	
111	4.000000000	
112	12.000000000	
113	5.000000000	
114	11.000000000	
115	8.000000000	
116	11.000000000	
117	11.000000000	
118	11.847874641	
119	15.000000000	
120	16.000000000	
121	17.000000000	
122	21.000000000	
123	29.000000000	
124	32.000000000	
125	30.000000000	
126	30.000000000	
127	22.000000000	
128	25.000000000	
129	17.000000000	
130	15.964205742	
131	10.000000000	
132	14.067113876	
133	10.000000000	
134	12.901565552	
135	11.000000000	
136	15.870245934	
137	12.854586601	
138	15.000000000	
139	9.000000000	
140	15.000000000	
141	11.000000000	
142	11.000000000	
143	6.000000000	
144	11.744966507	
145	9.000000000	
146	14.000000000	
147	11.000000000	
148	16.000000000	
149	11.000000000	
150	13.000000000	
151	5.000000000	
152	11.000000000	
153	6.395973206	
154	8.411633492	
155	5.000000000	
156	11.000000000	
157	6.000000000	
158	6.474272728	
159	7.000000000	
160	10.000000000	
161	6.000000000	
162	10.000000000	
163	6.000000000	
164	10.000000000	
165	7.000000000	
166	11.000000000	
167	3.615212440	
168	11.000000000	
169	5.000000000	
170	13.000000000	
171	9.000000000	
172	11.000000000	
173	15.000000000	
174	21.000000000	
175	25.000000000	
176	33.243846893	
177	30.000000000	
178	27.000000000	
179	16.196868896	
180	17.181207657	
181	11.165548325	
182	12.000000000	
183	11.000000000	
184	16.000000000	
185	11.000000000	
186	14.000000000	
187	10.000000000	
188	14.000000000	
189	8.959731102	
190	10.000000000	
191	10.000000000	
192	13.006711006	
193	11.000000000	
194	15.000000000	
195	9.053690910	
196	13.000000000	
197	7.000000000	
198	6.100671291	
199	3.000000000	
200	11.000000000	
201	4.000000000	
202	10.000000000	
203	7.000000000	
204	9.000000000	
205	7.000000000	
206	7.000000000	
207	4.000000000	
208	9.000000000	
209	6.272930622	
210	10.288590431	
211	8.304250717	
212	15.319910049	
213	14.335570335	
214	19.351230621	
215	21.633110046	
216	29.000000000	
217	25.398210526	
218	24.827739716	
219	14.429530144	
220	14.445190430	
221	10.000000000	
222	15.000000000	
223	12.000000000	
224	14.000000000	
225	9.000000000	
226	12.000000000	
227	8.000000000	
228	12.000000000	
229	9.000000000	
230	12.000000000	
231	9.000000000	
232	13.000000000	
233	6.000000000	
234	8.000000000	
235	5.680089474	
236	9.695749283	
237	5.711409569	
238	12.000000000	
239	1.000000000	
240	9.000000000	
241	7.000000000	
242	9.000000000	
243	4.000000000	
244	10.000000000	
245	7.000000000	
246	10.000000000	
247	13.000000000	
248	19.883668900	
249	27.899328232	
250	32.000000000	
251	23.069351196	
252	23.000000000	
253	11.000000000	
254	12.977628708	
255	9.993288994	
256	14.000000000	
257	11.000000000	
258	15.000000000	
259	9.000000000	
260	13.000000000	
261	10.087247849	
262	13.000000000	
263	9.000000000	
264	12.000000000	
265	7.000000000	
266	9.000000000	
267	2.818791866	
268	8.000000000	
269	6.000000000	
270	8.000000000	
271	3.000000000	
272	9.259508133	
273	7.000000000	
274	10.000000000	
275	6.000000000	
276	12.000000000	
277	10.000000000	
278	15.000000000	
279	25.000000000	
280	30.615213394	
281	18.599552155	
282	18.000000000	
283	10.568232536	
284	13.000000000	
285	13.463087082	
286	14.478747368	
287	9.000000000	
288	13.000000000	
289	8.000000000	
290	11.458613396	
291	9.000000000	
292	14.427292824	
293	10.000000000	
294	12.000000000	
295	2.000000000	
296	10.000000000	
297	4.000000000	
298	9.000000000	
299	4.000000000	
300	6.000000000	
301	6.286353588	
302	8.000000000	
303	5.000000000	
304	11.000000000	
305	15.000000000	
306	25.000000000	
307	26.000000000	
308	28.000000000	
309	11.000000000	
310	13.000000000	
311	11.000000000	
312	13.000000000	
313	9.098434448	
314	13.917225838	
315	8.932886124	
316	13.948545456	
317	10.964205742	
318	13.979866028	
319	7.000000000	
320	11.000000000	
321	6.000000000	
322	10.000000000	
323	6.058165550	
324	10.073825836	
325	5.089485645	
326	9.000000000	
327	4.000000000	
328	10.590603828	
329	12.152125359	
330	17.664428711	
331	25.733779907	
332	33.601791382	
333	16.429531097	
334	13.769575119	
335	11.246085167	
336	13.261744499	
337	10.277404785	
338	14.293065071	
339	9.000000000	
340	14.351230621	
341	12.319910049	
342	15.644295692	
343	5.628635406	
344	8.612975121	
345	4.000000000	
346	9.000000000	
347	5.434004307	
348	9.000000000	
349	6.000000000	
350	11.000000000	
351	5.000000000	
352	10.487695694	
353	14.000000000	
354	19.000000000	
355	27.440715790	
356	24.425056458	
357	14.590603828	
358	12.000000000	
359	11.621924400	
360	16.362415314	
361	8.346755981	
362	10.000000000	
363	10.000000000	
364	15.000000000	
365	9.715883255	
366	15.463087082	
367	5.000000000	
368	9.000000000	
369	6.221476555	
370	9.205816269	
371	5.000000000	
372	12.000000000	
373	8.158836365	
374	7.286353588	
375	16.000000000	
376	25.111856461	
377	27.000000000	
378	24.919462204	
379	10.129754066	
380	14.098434448	
381	14.932886124	
382	13.017896652	
383	9.997762680	
384	12.986577034	
385	10.000000000	
386	14.000000000	
387	8.000000000	
388	11.000000000	
389	8.000000000	
390	10.892617226	
391	7.000000000	
392	9.000000000	
393	9.000000000	
394	10.000000000	
395	10.000000000	
396	19.000000000	
397	32.782997131	
398	27.000000000	
399	14.000000000	
400	14.000000000	
401	12.000000000	
402	17.000000000	
403	9.000000000	
404	12.000000000	
405	11.000000000	
406	14.000000000	
407	6.000000000	
408	12.000000000	
409	5.000000000	
410	11.000000000	
411	8.000000000	
412	10.000000000	
413	9.000000000	
414	10.000000000	
415	12.000000000	
416	19.514541626	
417	26.530200958	
418	25.000000000	
419	12.438478470	
420	18.422819138	
421	12.407158852	
422	15.000000000	
423	7.375838757	
424	14.000000000	
425	8.655481339	
426	14.671140671	
427	9.000000000	
428	10.297538757	
429	9.000000000	
430	7.000000000	
431	5.749440670	
432	13.000000000	
433	10.000000000	
434	16.000000000	
435	27.000000000	
436	35.000000000	
437	16.000000000	
438	17.000000000	
439	13.000000000	
440	16.000000000	
441	10.000000000	
442	14.078299522	
443	13.000000000	
444	15.000000000	
445	7.000000000	
446	11.000000000	
447	0.000000000	
