0	17.000000000	
1	11.000000000	
2	15.000000000	
3	12.993377686	
4	16.000000000	
5	10.000000000	
6	15.000000000	
7	13.000000000	
8	17.000000000	
9	12.000000000	
10	17.000000000	
11	13.975717545	
12	14.973509789	
13	14.971302032	
14	19.000000000	
15	10.966887474	
16	16.964679718	
17	14.000000000	
18	17.000000000	
19	16.958057404	
20	17.955850601	
21	13.000000000	
22	19.000000000	
23	16.000000000	
24	19.000000000	
25	14.944812775	
26	20.000000000	
27	17.940397263	
28	22.000000000	
29	14.935982704	
30	21.000000000	
31	21.000000000	
32	24.929359436	
33	18.927152634	
34	24.849889755	
35	21.845474243	
36	23.761589050	
37	20.836645126	
38	27.916114807	
39	27.913908005	
40	33.000000000	
41	31.000000000	
42	36.000000000	
43	32.905078888	
44	35.902870178	
45	27.099338531	
46	33.898456573	
47	30.792493820	
48	30.788080215	
49	23.108167648	
50	25.220750809	
51	20.112583160	
52	21.885210037	
53	16.000000000	
54	19.000000000	
55	15.000000000	
56	19.000000000	
57	14.000000000	
58	16.000000000	
59	12.869756699	
60	18.000000000	
61	14.000000000	
62	16.000000000	
63	12.000000000	
64	16.141281128	
65	13.000000000	
66	19.145694733	
67	15.000000000	
68	15.000000000	
69	11.000000000	
70	16.000000000	
71	12.000000000	
72	13.000000000	
73	9.000000000	
74	15.000000000	
75	11.000000000	
76	13.000000000	
77	11.000000000	
78	13.000000000	
79	10.000000000	
80	15.000000000	
81	10.000000000	
82	15.000000000	
83	12.000000000	
84	14.000000000	
85	8.187638283	
86	14.000000000	
87	11.000000000	
88	13.000000000	
89	9.000000000	
90	14.000000000	
91	8.000000000	
92	8.000000000	
93	8.205298424	
94	10.207505226	
95	6.000000000	
96	10.000000000	
97	5.000000000	
98	11.000000000	
99	7.781456947	
100	8.000000000	
101	7.000000000	
102	9.774834633	
103	6.000000000	
104	10.000000000	
105	6.000000000	
106	11.000000000	
107	7.000000000	
108	7.000000000	
109	8.759382248	
110	9.000000000	
111	5.754966736	
112	10.752758980	
113	6.000000000	
114	10.000000000	
115	7.000000000	
116	10.000000000	
117	4.258278370	
118	10.260485649	
119	6.000000000	
120	10.000000000	
121	8.000000000	
122	11.000000000	
123	6.000000000	
124	11.000000000	
125	4.724061966	
126	12.000000000	
127	7.000000000	
128	15.282560349	
129	13.000000000	
130	16.286975861	
131	20.710817337	
132	26.708608627	
133	27.412803650	
134	33.000000000	
135	29.000000000	
136	26.000000000	
137	15.697571754	
138	18.390727997	
139	13.693157196	
140	13.000000000	
141	12.311258316	
142	17.000000000	
143	12.000000000	
144	14.317880630	
145	11.000000000	
146	15.000000000	
147	10.675497055	
148	12.673289299	
149	6.671081543	
150	13.668873787	
151	9.333333015	
152	16.328918457	
153	10.662251472	
154	12.000000000	
155	10.000000000	
156	7.655629158	
157	5.346578598	
158	9.000000000	
159	5.000000000	
160	9.000000000	
161	5.000000000	
162	9.000000000	
163	4.000000000	
164	6.362030983	
165	4.000000000	
166	7.000000000	
167	4.000000000	
168	8.370861053	
169	4.000000000	
170	10.375275612	
171	7.377483368	
172	8.379691124	
173	4.381898403	
174	7.000000000	
175	8.000000000	
176	7.000000000	
177	7.000000000	
178	8.000000000	
179	10.000000000	
180	11.000000000	
181	10.000000000	
182	17.598234177	
183	21.000000000	
184	31.593818665	
185	29.000000000	
186	28.000000000	
187	17.587196350	
188	17.000000000	
189	13.000000000	
190	17.000000000	
191	12.000000000	
192	14.000000000	
193	10.000000000	
194	14.000000000	
195	9.000000000	
196	11.000000000	
197	6.869757175	
198	13.437086105	
199	12.000000000	
200	14.558499336	
201	8.556291580	
202	11.000000000	
203	6.000000000	
204	8.000000000	
205	6.000000000	
206	9.545253754	
207	5.543046474	
208	10.540839195	
209	6.538631439	
210	8.536423683	
211	3.534216404	
212	7.532008648	
213	4.000000000	
214	8.000000000	
215	5.000000000	
216	9.000000000	
217	5.000000000	
218	11.000000000	
219	8.000000000	
220	10.000000000	
221	13.000000000	
222	18.000000000	
223	22.507726669	
224	32.000000000	
225	24.000000000	
226	22.000000000	
227	14.000000000	
228	11.503311157	
229	11.494481087	
230	16.000000000	
231	11.000000000	
232	14.000000000	
233	10.000000000	
234	15.000000000	
235	10.000000000	
236	12.000000000	
237	9.476820946	
238	11.000000000	
239	5.000000000	
240	10.000000000	
241	6.000000000	
242	9.465784073	
243	4.463576317	
244	8.461368561	
245	2.000000000	
246	8.000000000	
247	6.000000000	
248	9.000000000	
249	6.000000000	
250	11.000000000	
251	7.554083824	
252	11.000000000	
253	5.000000000	
254	12.000000000	
255	13.000000000	
256	17.434879303	
257	28.000000000	
258	27.000000000	
259	17.428256989	
260	14.000000000	
261	9.423841476	
262	15.000000000	
263	12.580574036	
264	15.000000000	
265	8.000000000	
266	13.000000000	
267	10.000000000	
268	9.408388138	
269	8.000000000	
270	13.000000000	
271	4.598234177	
272	10.000000000	
273	7.000000000	
274	8.000000000	
275	6.000000000	
276	6.609271526	
277	4.000000000	
278	8.386313438	
279	6.000000000	
280	10.000000000	
281	6.000000000	
282	13.000000000	
283	10.000000000	
284	9.373068810	
285	10.000000000	
286	20.000000000	
287	25.000000000	
288	28.000000000	
289	15.000000000	
290	16.000000000	
291	12.000000000	
292	12.000000000	
293	12.000000000	
294	11.000000000	
295	7.000000000	
296	13.346578598	
297	9.000000000	
298	11.000000000	
299	7.000000000	
300	10.000000000	
301	3.335540771	
302	8.000000000	
303	5.000000000	
304	9.328918457	
305	5.000000000	
306	9.000000000	
307	5.000000000	
308	9.000000000	
309	3.317880869	
310	10.000000000	
311	7.000000000	
312	14.000000000	
313	19.690948486	
314	29.000000000	
315	21.000000000	
316	18.302429199	
317	11.000000000	
318	15.701986313	
319	10.000000000	
320	11.000000000	
321	7.000000000	
322	13.000000000	
323	8.000000000	
324	9.715231895	
325	3.282560825	
326	8.000000000	
327	6.000000000	
328	9.275938034	
329	5.000000000	
330	11.000000000	
331	8.000000000	
332	9.000000000	
333	8.000000000	
334	10.000000000	
335	7.000000000	
336	11.000000000	
337	15.000000000	
338	21.000000000	
339	29.251655579	
340	25.249448776	
341	11.000000000	
342	14.000000000	
343	11.757174492	
344	15.000000000	
345	10.000000000	
346	15.000000000	
347	10.766004562	
348	10.768212318	
349	4.229580402	
350	8.227373123	
351	4.225165367	
352	8.000000000	
353	5.000000000	
354	10.000000000	
355	5.000000000	
356	6.214128017	
357	4.788079262	
358	10.000000000	
359	6.000000000	
360	13.000000000	
361	19.000000000	
362	28.000000000	
363	18.198675156	
364	14.000000000	
365	12.194260597	
366	14.192052841	
367	8.000000000	
368	13.000000000	
369	12.185430527	
370	15.000000000	
371	7.000000000	
372	11.000000000	
373	4.000000000	
374	9.174392700	
375	6.000000000	
376	9.000000000	
377	5.000000000	
378	10.165562630	
379	8.000000000	
380	12.000000000	
381	5.841059685	
382	14.156732559	
383	24.309051514	
384	33.000000000	
385	16.849889755	
386	15.147902489	
387	14.145695686	
388	14.856512070	
389	7.858719826	
390	13.860927582	
391	10.000000000	
392	12.865342140	
393	7.000000000	
394	11.000000000	
395	7.000000000	
396	10.125827789	
397	4.000000000	
398	11.000000000	
399	5.000000000	
400	11.000000000	
401	8.000000000	
402	12.887416840	
403	17.000000000	
404	22.891832352	
405	16.894039154	
406	18.000000000	
407	10.898454666	
408	17.000000000	
409	11.000000000	
410	13.094923019	
411	13.000000000	
412	10.000000000	
413	7.088300228	
414	9.086092949	
415	6.000000000	
416	11.000000000	
417	6.000000000	
418	10.000000000	
419	6.000000000	
420	7.072847843	
421	8.070640564	
422	12.000000000	
423	19.000000000	
424	28.000000000	
425	15.000000000	
426	16.000000000	
427	14.942605019	
428	14.944812775	
429	6.894039631	
430	15.000000000	
431	11.048564911	
432	12.046357155	
433	7.044149876	
434	11.000000000	
435	6.960264683	
436	10.962471962	
437	3.000000000	
438	10.000000000	
439	8.969095230	
440	10.000000000	
441	14.000000000	
442	19.975717545	
443	25.000000000	
444	19.000000000	
445	13.000000000	
446	16.000000000	
447	10.000000000	
448	11.011037827	
449	8.000000000	
450	13.000000000	
451	9.000000000	
452	11.000000000	
453	0.000000000	
