0	15.000000000	
1	10.000000000	
2	13.000000000	
3	8.000000000	
4	11.000000000	
5	8.000000000	
6	12.000000000	
7	9.061538696	
8	11.000000000	
9	8.000000000	
10	14.000000000	
11	9.000000000	
12	13.000000000	
13	10.000000000	
14	13.123077393	
15	10.000000000	
16	15.000000000	
17	11.000000000	
18	14.000000000	
19	10.000000000	
20	15.000000000	
21	11.000000000	
22	14.000000000	
23	12.000000000	
24	14.000000000	
25	12.000000000	
26	17.000000000	
27	13.000000000	
28	17.000000000	
29	12.000000000	
30	12.263736725	
31	13.272527695	
32	15.281318665	
33	14.000000000	
34	16.000000000	
35	14.000000000	
36	18.000000000	
37	9.000000000	
38	17.000000000	
39	10.371428490	
40	16.406593323	
41	9.441758156	
42	16.476922989	
43	13.512087822	
44	14.547252655	
45	12.582417488	
46	13.617582321	
47	12.000000000	
48	14.000000000	
49	11.000000000	
50	15.000000000	
51	11.000000000	
52	16.000000000	
53	12.000000000	
54	12.000000000	
55	12.000000000	
56	13.000000000	
57	9.000000000	
58	15.000000000	
59	12.000000000	
60	14.472527504	
61	10.463736534	
62	16.000000000	
63	8.215384483	
64	16.250549316	
65	12.285714149	
66	15.320878983	
67	13.356043816	
68	17.391208649	
69	12.426373482	
70	16.461538315	
71	14.000000000	
72	16.000000000	
73	12.000000000	
74	18.000000000	
75	13.000000000	
76	15.000000000	
77	10.000000000	
78	15.000000000	
79	9.778021812	
80	16.813186646	
81	14.848351479	
82	19.883516312	
83	17.918682098	
84	24.215385437	
85	21.989011765	
86	25.024175644	
87	28.235164642	
88	34.226371765	
89	34.217582703	
90	38.208789825	
91	32.200000763	
92	36.000000000	
93	30.182416916	
94	28.347251892	
95	21.835165024	
96	21.843955994	
97	15.852746964	
98	18.000000000	
99	12.870329857	
100	16.000000000	
101	12.000000000	
102	13.103296280	
103	7.000000000	
104	13.000000000	
105	9.000000000	
106	13.000000000	
107	10.000000000	
108	13.000000000	
109	8.000000000	
110	13.000000000	
111	8.000000000	
112	10.984615326	
113	6.000000000	
114	10.000000000	
115	8.000000000	
116	12.000000000	
117	7.000000000	
118	10.000000000	
119	5.046154022	
120	12.054944992	
121	5.000000000	
122	11.000000000	
123	7.000000000	
124	9.090109825	
125	8.000000000	
126	7.107692242	
127	8.000000000	
128	11.000000000	
129	8.134065628	
130	13.000000000	
131	8.000000000	
132	13.000000000	
133	11.000000000	
134	15.000000000	
135	11.000000000	
136	13.000000000	
137	11.000000000	
138	17.000000000	
139	11.221978188	
140	14.000000000	
141	10.239560127	
142	13.248352051	
143	8.000000000	
144	15.000000000	
145	11.725275040	
146	15.000000000	
147	13.000000000	
148	17.000000000	
149	12.000000000	
150	15.681318283	
151	10.000000000	
152	14.663736343	
153	15.000000000	
154	25.000000000	
155	27.000000000	
156	34.000000000	
157	33.000000000	
158	38.389011383	
159	22.000000000	
160	25.406593323	
161	13.415384293	
162	19.000000000	
163	10.000000000	
164	15.000000000	
165	5.450549603	
166	13.000000000	
167	6.000000000	
168	9.000000000	
169	5.000000000	
170	10.000000000	
171	7.503296852	
172	11.512087822	
173	5.520879269	
174	7.529670238	
175	5.000000000	
176	10.000000000	
177	6.556044102	
178	10.564835548	
179	7.000000000	
180	12.000000000	
181	6.591208935	
182	8.600000381	
183	8.000000000	
184	13.000000000	
185	11.626373291	
186	17.635164261	
187	13.000000000	
188	15.000000000	
189	11.000000000	
190	16.329669952	
191	5.679121017	
192	13.000000000	
193	9.696702957	
194	13.705494881	
195	12.000000000	
196	16.000000000	
197	10.000000000	
198	14.000000000	
199	14.002198219	
200	17.967033386	
201	23.698900223	
202	33.672527313	
203	33.430770874	
204	34.619781494	
205	18.791208267	
206	18.756044388	
207	9.000000000	
208	12.000000000	
209	9.000000000	
210	12.000000000	
211	6.000000000	
212	11.000000000	
213	8.000000000	
214	9.000000000	
215	7.000000000	
216	10.000000000	
217	6.000000000	
218	10.000000000	
219	8.000000000	
220	13.000000000	
221	7.942857265	
222	8.000000000	
223	7.039560318	
224	12.000000000	
225	12.000000000	
226	17.000000000	
227	10.000000000	
228	13.000000000	
229	9.000000000	
230	11.978021622	
231	7.030769348	
232	11.039560318	
233	10.000000000	
234	16.000000000	
235	12.000000000	
236	15.925274849	
237	15.832966805	
238	24.907691956	
239	26.000000000	
240	33.000000000	
241	21.000000000	
242	22.000000000	
243	10.000000000	
244	16.145055771	
245	7.000000000	
246	12.000000000	
247	8.000000000	
248	10.000000000	
249	5.000000000	
250	10.000000000	
251	6.000000000	
252	9.000000000	
253	4.000000000	
254	8.000000000	
255	6.000000000	
256	10.000000000	
257	7.000000000	
258	14.000000000	
259	12.000000000	
260	16.000000000	
261	11.000000000	
262	15.000000000	
263	6.624176025	
264	10.641757965	
265	10.329669952	
266	16.676923752	
267	10.694505692	
268	15.356043816	
269	14.729670525	
270	20.747253418	
271	27.382417679	
272	34.391208649	
273	21.399999619	
274	22.408790588	
275	10.417582512	
276	17.000000000	
277	8.000000000	
278	13.000000000	
279	4.452747345	
280	9.461538315	
281	6.000000000	
282	9.520878792	
283	6.000000000	
284	11.496703148	
285	8.000000000	
286	11.000000000	
287	7.046154022	
288	11.063735962	
289	9.540658951	
290	15.549450874	
291	10.558241844	
292	12.134065628	
293	9.151648521	
294	16.169231415	
295	8.000000000	
296	15.000000000	
297	11.000000000	
298	17.000000000	
299	23.000000000	
300	34.000000000	
301	25.000000000	
302	20.345054626	
303	11.663736343	
304	15.000000000	
305	9.000000000	
306	10.000000000	
307	6.000000000	
308	10.000000000	
309	6.000000000	
310	8.000000000	
311	5.265933990	
312	11.000000000	
313	8.000000000	
314	13.000000000	
315	10.000000000	
316	14.000000000	
317	11.000000000	
318	15.204395294	
319	4.804395676	
320	13.813186646	
321	9.000000000	
322	16.000000000	
323	12.839560509	
324	17.000000000	
325	22.000000000	
326	28.000000000	
327	21.000000000	
328	20.000000000	
329	13.000000000	
330	13.901099205	
331	7.000000000	
332	11.000000000	
333	8.927472115	
334	11.000000000	
335	4.945055008	
336	10.000000000	
337	7.000000000	
338	11.000000000	
339	9.000000000	
340	15.000000000	
341	12.000000000	
342	15.986813545	
343	9.953845978	
344	13.951648712	
345	12.967033386	
346	16.958242416	
347	10.000000000	
348	16.059341431	
349	20.068132401	
350	29.923076630	
351	23.171428680	
352	22.000000000	
353	11.793406487	
354	10.775824547	
355	4.879120827	
356	9.000000000	
357	5.861538410	
358	10.558241844	
359	2.843955994	
360	9.000000000	
361	5.826373577	
362	11.635165215	
363	11.426373482	
364	15.000000000	
365	9.208790779	
366	13.217582703	
367	10.320878983	
368	17.059341431	
369	12.268132210	
370	17.241758347	
371	13.215384483	
372	22.459341049	
373	27.441759109	
374	25.424175262	
375	12.703296661	
376	12.389011383	
377	8.371428490	
378	13.353846550	
379	8.336263657	
380	11.318681717	
381	7.301098824	
382	9.283516884	
383	5.367033005	
384	10.751647949	
385	11.000000000	
386	16.819780350	
387	9.793406487	
388	11.767032623	
389	10.320878983	
390	16.142856598	
391	10.562637329	
392	15.107692719	
393	21.454944611	
394	33.000000000	
395	23.582418442	
396	20.556043625	
397	12.509890556	
398	11.002198219	
399	7.476922989	
400	10.450549126	
401	6.949450493	
402	10.465933800	
403	6.000000000	
404	12.448351860	
405	10.439560890	
406	11.861538887	
407	13.843955994	
408	13.000000000	
409	10.404396057	
410	17.186813354	
411	12.160439491	
412	16.378021240	
413	20.000000000	
414	30.360439301	
415	19.351648331	
416	22.342857361	
417	8.334066391	
418	13.325274467	
419	4.632966995	
420	10.615385056	
421	3.597802162	
422	12.580220222	
423	4.281318665	
424	12.272527695	
425	11.263736725	
426	14.000000000	
427	9.000000000	
428	13.474725723	
429	10.457142830	
430	15.000000000	
431	12.210988998	
432	16.000000000	
433	26.000000000	
434	31.815383911	
435	16.824174881	
436	15.167033195	
437	7.316483498	
438	11.597802162	
439	7.140659332	
440	10.131868362	
441	6.123076916	
442	11.114285469	
443	9.210988998	
444	15.096703529	
445	12.087912560	
446	16.079120636	
447	9.000000000	
448	15.000000000	
449	12.052747726	
450	15.043955803	
451	22.035165787	
452	33.026374817	
453	19.000000000	
454	17.008790970	
455	0.000000000	
