0	4	
1	16	
2	8	
3	12	
4	8	
5	16	
6	6	
7	13	
8	6	
9	14	
10	6	
11	16	
12	10	
13	15	
14	8	
15	14	
16	7	
17	15	
18	7	
19	15	
20	8	
21	14	
22	9	
23	14	
24	8	
25	18	
26	9	
27	17	
28	10	
29	18	
30	10	
31	18	
32	11	
33	20	
34	12	
35	21	
36	13	
37	17	
38	8	
39	20	
40	16	
41	26	
42	20	
43	30	
44	24	
45	33	
46	29	
47	37	
48	29	
49	34	
50	26	
51	34	
52	25	
53	31	
54	17	
55	25	
56	17	
57	24	
58	15	
59	22	
60	13	
61	20	
62	9	
63	19	
64	11	
65	18	
66	11	
67	20	
68	11	
69	16	
70	10	
71	19	
72	11	
73	17	
74	9	
75	18	
76	9	
77	14	
78	10	
79	17	
80	10	
81	20	
82	11	
83	15	
84	8	
85	18	
86	5	
87	15	
88	7	
89	13	
90	5	
91	14	
92	5	
93	10	
94	6	
95	11	
96	4	
97	12	
98	3	
99	10	
100	2	
101	10	
102	3	
103	10	
104	2	
105	11	
106	6	
107	12	
108	2	
109	12	
110	2	
111	8	
112	1	
113	11	
114	4	
115	13	
116	4	
117	8	
118	4	
119	13	
120	4	
121	10	
122	1	
123	10	
124	4	
125	11	
126	1	
127	11	
128	6	
129	14	
130	7	
131	17	
132	11	
133	19	
134	18	
135	29	
136	28	
137	32	
138	21	
139	28	
140	12	
141	18	
142	11	
143	17	
144	11	
145	19	
146	7	
147	15	
148	8	
149	13	
150	8	
151	15	
152	9	
153	16	
154	4	
155	10	
156	4	
157	12	
158	1	
159	10	
160	4	
161	11	
162	3	
163	12	
164	4	
165	7	
166	3	
167	9	
168	1	
169	10	
170	3	
171	13	
172	4	
173	7	
174	4	
175	11	
176	3	
177	11	
178	4	
179	12	
180	5	
181	13	
182	5	
183	16	
184	10	
185	25	
186	27	
187	33	
188	18	
189	24	
190	8	
191	18	
192	10	
193	16	
194	6	
195	14	
196	6	
197	13	
198	9	
199	15	
200	6	
201	12	
202	4	
203	10	
204	1	
205	8	
206	2	
207	10	
208	1	
209	10	
210	3	
211	11	
212	3	
213	10	
214	0	
215	11	
216	2	
217	9	
218	3	
219	12	
220	4	
221	13	
222	4	
223	16	
224	12	
225	26	
226	24	
227	29	
228	14	
229	17	
230	10	
231	17	
232	7	
233	13	
234	7	
235	16	
236	7	
237	12	
238	3	
239	8	
240	1	
241	10	
242	1	
243	10	
244	2	
245	8	
246	2	
247	11	
248	4	
249	10	
250	2	
251	10	
252	3	
253	10	
254	3	
255	12	
256	8	
257	17	
258	21	
259	29	
260	27	
261	23	
262	8	
263	18	
264	10	
265	15	
266	7	
267	17	
268	9	
269	14	
270	3	
271	10	
272	2	
273	11	
274	4	
275	12	
276	3	
277	10	
278	0	
279	10	
280	1	
281	12	
282	3	
283	7	
284	4	
285	12	
286	4	
287	14	
288	17	
289	31	
290	16	
291	19	
292	11	
293	14	
294	9	
295	16	
296	9	
297	15	
298	5	
299	13	
300	5	
301	9	
302	2	
303	12	
304	5	
305	11	
306	2	
307	11	
308	4	
309	13	
310	0	
311	14	
312	4	
313	14	
314	10	
315	23	
316	22	
317	27	
318	8	
319	16	
320	9	
321	16	
322	7	
323	14	
324	5	
325	12	
326	3	
327	10	
328	2	
329	10	
330	3	
331	12	
332	3	
333	11	
334	3	
335	11	
336	2	
337	13	
338	7	
339	19	
340	22	
341	31	
342	10	
343	17	
344	8	
345	16	
346	8	
347	16	
348	8	
349	16	
350	1	
351	11	
352	2	
353	9	
354	5	
355	14	
356	3	
357	9	
358	4	
359	11	
360	4	
361	12	
362	11	
363	17	
364	19	
365	22	
366	9	
367	17	
368	8	
369	15	
370	9	
371	14	
372	3	
373	9	
374	3	
375	11	
376	4	
377	11	
378	1	
379	11	
380	5	
381	11	
382	3	
383	12	
384	13	
385	28	
386	19	
387	22	
388	10	
389	15	
390	6	
391	16	
392	6	
393	12	
394	5	
395	13	
396	4	
397	12	
398	2	
399	10	
400	4	
401	13	
402	5	
403	14	
404	10	
405	22	
406	20	
407	21	
408	10	
409	18	
410	9	
411	15	
412	7	
413	14	
414	2	
415	10	
416	3	
417	10	
418	3	
419	12	
420	4	
421	10	
422	7	
423	14	
424	10	
425	24	
426	18	
427	23	
428	10	
429	15	
430	8	
431	15	
432	6	
433	14	
434	6	
435	13	
436	5	
437	12	
438	2	
439	11	
440	3	
441	14	
442	5	
443	17	
444	21	
445	28	
446	11	
447	17	
448	9	
449	17	
450	7	
451	15	
452	6	
453	11	
454	0	
