0	10.000000000	
1	16.286901474	
2	15.376298904	
3	14.262762070	
4	14.713097572	
5	13.135199547	
6	15.860707283	
7	15.156629562	
8	14.147608757	
9	16.151767731	
10	12.415540695	
11	13.785862923	
12	13.548151970	
13	11.102264404	
14	14.993762970	
15	12.898128510	
16	15.243826866	
17	16.058212280	
18	14.436590195	
19	16.794178009	
20	14.381494522	
21	15.995945930	
22	17.259450912	
23	14.351351738	
24	16.540540695	
25	12.710313797	
26	12.891891479	
27	16.253637314	
28	10.048694611	
29	18.764139175	
30	16.392930984	
31	15.170477867	
32	18.409563065	
33	15.291146278	
34	17.158004761	
35	14.968814850	
36	14.037422180	
37	18.769229889	
38	17.338876724	
39	18.648649216	
40	17.261953354	
41	16.171510696	
42	20.908939362	
43	17.946140289	
44	19.382921219	
45	18.817047119	
46	16.197505951	
47	22.505197525	
48	19.309770584	
49	21.680654526	
50	23.272102356	
51	19.224670410	
52	27.012418747	
53	23.698328018	
54	25.272348404	
55	29.634567261	
56	25.054702759	
57	30.754676819	
58	31.652807236	
59	34.537452698	
60	39.287960052	
61	41.309684753	
62	49.076923370	
63	53.258941650	
64	60.409484863	
65	68.156318665	
66	74.988563538	
67	85.879005432	
68	97.719116211	
69	102.632682800	
70	111.803176880	
71	104.773117065	
72	106.848091125	
73	104.753135681	
74	89.970413208	
75	90.328483582	
76	72.606246948	
77	58.956287384	
78	52.654491425	
79	43.892276764	
80	44.018711090	
81	33.452358246	
82	30.937578201	
83	32.347995758	
84	25.049896240	
85	27.224533081	
86	23.333417892	
87	22.047903061	
88	24.415800095	
89	17.511434555	
90	21.677537918	
91	17.864864349	
92	15.694386482	
93	21.318086624	
94	15.031185150	
95	17.284822464	
96	16.220590591	
97	13.020790100	
98	15.948898315	
99	12.901509285	
100	15.091476440	
101	15.511434555	
102	13.632016182	
103	16.210325241	
104	14.027027130	
105	15.896049500	
106	15.602046013	
107	9.611227036	
108	15.112266541	
109	12.045738220	
110	13.114345551	
111	14.230769157	
112	5.182952404	
113	13.827443123	
114	13.058212280	
115	12.491677284	
116	13.719334602	
117	7.432432652	
118	12.854470253	
119	11.893970490	
120	11.731808662	
121	17.195426941	
122	10.122661591	
123	14.950103760	
124	14.229896545	
125	11.114345551	
126	14.691884041	
127	10.590436935	
128	14.723492622	
129	15.496553421	
130	12.567567825	
131	19.471933365	
132	13.765769005	
133	16.677755356	
134	18.555093765	
135	13.782258034	
136	17.506296158	
137	17.858627319	
138	21.896789551	
139	25.775466919	
140	20.154779434	
141	26.702703476	
142	30.766143799	
143	38.684440613	
144	49.823417664	
145	67.190605164	
146	85.717300415	
147	92.275817871	
148	91.863906860	
149	85.557563782	
150	63.127094269	
151	53.211071014	
152	33.831809998	
153	23.495218277	
154	29.901838303	
155	20.747598648	
156	21.617969513	
157	17.481058121	
158	13.604990005	
159	18.665281296	
160	13.985585213	
161	15.143450737	
162	16.431053162	
163	13.095634460	
164	13.881496429	
165	13.332640648	
166	13.906444550	
167	13.743820190	
168	10.865266800	
169	15.054054260	
170	11.823285103	
171	12.060291290	
172	15.484407425	
173	8.411642075	
174	13.920997620	
175	11.821624756	
176	10.334637642	
177	13.706860542	
178	11.349272728	
179	15.190503120	
180	13.123175621	
181	11.170477867	
182	17.766983032	
183	11.493501663	
184	15.987525940	
185	17.692308426	
186	14.340956688	
187	15.892350197	
188	12.372141838	
189	16.453222275	
190	20.694387436	
191	20.862590790	
192	30.389123917	
193	40.451072693	
194	65.129447937	
195	81.047477722	
196	87.844406128	
197	77.604728699	
198	50.903320312	
199	34.876079559	
200	30.695817947	
201	19.269422531	
202	21.266111374	
203	17.230760574	
204	14.591084480	
205	19.142250061	
206	13.095634460	
207	15.209668159	
208	13.243243217	
209	11.188956261	
210	14.760892868	
211	8.411508560	
212	12.426195145	
213	12.687747955	
214	8.571725845	
215	15.644490242	
216	10.775467873	
217	12.193346977	
218	12.551181793	
219	7.291254997	
220	12.695432663	
221	10.756756783	
222	11.923076630	
223	14.275193214	
224	13.133055687	
225	16.276506424	
226	13.700857162	
227	13.727650642	
228	17.057983398	
229	19.339262009	
230	25.284797668	
231	30.452989578	
232	47.733348846	
233	80.425193787	
234	86.931335449	
235	82.095420837	
236	51.538986206	
237	30.581424713	
238	35.115821838	
239	14.527894020	
240	15.272349358	
241	15.047817230	
242	11.072765350	
243	15.787941933	
244	10.746361732	
245	13.419698715	
246	14.814735413	
247	10.324324608	
248	12.799002647	
249	11.371143341	
250	12.623778343	
251	13.251533508	
252	8.336798668	
253	15.191267967	
254	11.800160408	
255	12.555093765	
256	16.553014755	
257	10.266112328	
258	14.436806679	
259	13.710059166	
260	12.985390663	
261	16.699846268	
262	13.496410370	
263	19.241165161	
264	25.461606979	
265	42.113086700	
266	65.357688904	
267	69.308242798	
268	64.148216248	
269	38.577220917	
270	21.278318405	
271	23.172513962	
272	13.532202721	
273	15.756756783	
274	15.675572395	
275	9.073460579	
276	15.185030937	
277	11.212058067	
278	10.879417419	
279	12.232848167	
280	10.249480247	
281	15.384399414	
282	12.093555450	
283	11.794178963	
284	14.307800293	
285	11.028276443	
286	14.027027130	
287	12.926512718	
288	11.712964058	
289	12.946274757	
290	7.714787483	
291	15.505521774	
292	18.970979691	
293	18.918918610	
294	39.018218994	
295	67.486022949	
296	82.224853516	
297	64.160629272	
298	31.428529739	
299	29.030679703	
300	19.135955811	
301	17.777545929	
302	16.212059021	
303	11.451398849	
304	15.055467606	
305	14.950103760	
306	16.365903854	
307	15.879417419	
308	11.228690147	
309	15.158003807	
310	12.249739647	
311	12.370165825	
312	14.528122902	
313	11.099792480	
314	16.326402664	
315	14.992155075	
316	12.997920990	
317	15.118503571	
318	16.543626785	
319	19.302156448	
320	28.375762939	
321	49.451839447	
322	73.972366333	
323	65.270843506	
324	40.666004181	
325	30.520818710	
326	20.731485367	
327	20.297124863	
328	12.260290146	
329	13.841996193	
330	14.322245598	
331	9.723492622	
332	14.438669205	
333	11.035503387	
334	13.903211594	
335	16.623701096	
336	9.904836655	
337	15.757309914	
338	12.914536476	
339	12.444906235	
340	15.154256821	
341	10.996053696	
342	12.599794388	
343	14.144790649	
344	17.106107712	
345	27.467658997	
346	53.551906586	
347	66.819999695	
348	52.117832184	
349	28.711730957	
350	23.479375839	
351	11.895544052	
352	13.235256195	
353	13.147531509	
354	10.449647903	
355	16.064872742	
356	10.053033829	
357	12.977130890	
358	14.237006187	
359	8.829522133	
360	11.355509758	
361	11.029027939	
362	12.365368843	
363	13.830105782	
364	14.243973732	
365	14.663045883	
366	17.585220337	
367	18.893161774	
368	30.234413147	
369	63.347663879	
370	70.023666382	
371	46.217906952	
372	24.867155075	
373	23.890123367	
374	14.035097122	
375	14.764722824	
376	11.720899582	
377	10.274653435	
378	16.607069016	
379	11.108985901	
380	13.367724419	
381	10.906553268	
382	6.099014282	
383	14.343035698	
384	11.249480247	
385	15.180872917	
386	15.226611137	
387	9.160082817	
388	15.621047020	
389	21.181421280	
390	35.227172852	
391	56.668460846	
392	51.254222870	
393	41.707401276	
394	21.100397110	
395	12.394755363	
396	17.056055069	
397	11.578381538	
398	14.799140930	
399	13.189188957	
400	13.346843719	
401	15.842134476	
402	7.402016640	
403	13.297297478	
404	12.802486420	
405	12.142629623	
406	17.517671585	
407	11.278106689	
408	15.735452652	
409	19.093969345	
410	24.765340805	
411	46.812210083	
412	53.920017242	
413	44.533206940	
414	26.441980362	
415	15.100137711	
416	15.124177933	
417	12.885654449	
418	13.471933365	
419	13.893970490	
420	11.332467079	
421	14.474051476	
422	12.528066635	
423	12.446985245	
424	14.021512032	
425	10.614736557	
426	14.006237030	
427	14.733654022	
428	14.800199509	
429	18.211833954	
430	34.759761810	
431	62.258010864	
432	47.908138275	
433	25.073642731	
434	20.321043015	
435	10.707024574	
436	15.083160400	
437	12.706860542	
438	9.260069847	
439	15.160087585	
440	12.046810150	
441	12.261954308	
442	13.677136421	
443	12.432445526	
444	16.550296783	
445	9.525918007	
446	11.721529961	
447	17.056570053	
448	17.654279709	
449	41.370063782	
450	50.300685883	
451	38.240398407	
452	22.775766373	
453	12.607163429	
454	16.618522644	
455	13.459459305	
456	12.474012375	
457	15.860460281	
458	8.860166550	
459	14.694386482	
460	13.521829605	
461	11.229731560	
462	13.812578201	
463	12.193355560	
464	15.704781532	
465	16.058795929	
466	17.645912170	
467	39.291797638	
468	48.975894928	
469	37.088233948	
470	22.561033249	
471	15.926715851	
472	15.417887688	
473	10.530227661	
474	10.993762970	
475	13.356663704	
476	11.282744408	
477	14.956340790	
478	13.525178909	
479	13.949282646	
480	14.159672737	
481	11.000000000	
