0	29.000000000	
1	34.000000000	
2	34.000000000	
3	29.000000000	
4	37.176601410	
5	28.779249191	
6	35.000000000	
7	32.690948486	
8	35.000000000	
9	31.602649689	
10	37.000000000	
11	32.000000000	
12	33.470199585	
13	36.000000000	
14	38.000000000	
15	34.337749481	
16	38.293598175	
17	35.000000000	
18	41.000000000	
19	37.161148071	
20	37.116996765	
21	39.000000000	
22	39.028697968	
23	35.000000000	
24	40.940399170	
25	36.896247864	
26	41.000000000	
27	38.000000000	
28	41.000000000	
29	34.280353546	
30	38.324504852	
31	32.737308502	
32	33.412803650	
33	28.000000000	
34	32.000000000	
35	28.000000000	
36	31.178808212	
37	26.633554459	
38	25.355407715	
39	18.721855164	
40	24.000000000	
41	20.000000000	
42	23.145694733	
43	19.000000000	
44	19.942604065	
45	16.973510742	
46	18.000000000	
47	14.000000000	
48	17.000000000	
49	13.000000000	
50	18.000000000	
51	14.000000000	
52	13.000000000	
53	11.339956284	
54	15.000000000	
55	10.000000000	
56	13.000000000	
57	11.000000000	
58	17.000000000	
59	12.395143509	
60	14.350993156	
61	10.000000000	
62	17.000000000	
63	12.000000000	
64	19.000000000	
65	14.000000000	
66	16.086091995	
67	16.000000000	
68	15.002207756	
69	12.046357155	
70	17.000000000	
71	13.134657860	
72	16.000000000	
73	12.000000000	
74	16.000000000	
75	11.000000000	
76	13.355408669	
77	10.000000000	
78	12.000000000	
79	9.000000000	
80	15.000000000	
81	10.576158524	
82	15.000000000	
83	12.000000000	
84	13.000000000	
85	8.752758980	
86	14.796909332	
87	12.000000000	
88	16.000000000	
89	12.000000000	
90	16.000000000	
91	10.017660141	
92	12.000000000	
93	11.788079262	
94	12.849889755	
95	8.805739403	
96	12.761589050	
97	7.717439175	
98	12.000000000	
99	7.370861053	
100	8.000000000	
101	8.540839195	
102	9.503311157	
103	5.547461510	
104	11.000000000	
105	7.635761738	
106	11.320088387	
107	7.551876545	
108	11.768212318	
109	4.187637806	
110	11.856512070	
111	8.000000000	
112	10.055187225	
113	6.988962650	
114	11.000000000	
115	8.000000000	
116	13.000000000	
117	4.000000000	
118	12.000000000	
119	10.000000000	
120	13.000000000	
121	9.000000000	
122	15.000000000	
123	13.000000000	
124	15.474614143	
125	20.000000000	
126	22.562913895	
127	26.607063293	
128	28.000000000	
129	36.304634094	
130	39.520973206	
131	31.216335297	
132	31.172185898	
133	17.000000000	
134	19.000000000	
135	15.000000000	
136	17.000000000	
137	11.000000000	
138	16.000000000	
139	12.000000000	
140	12.181015015	
141	13.774834633	
142	16.000000000	
143	12.686533928	
144	16.000000000	
145	10.000000000	
146	14.000000000	
147	10.000000000	
148	12.465784073	
149	9.000000000	
150	11.000000000	
151	7.666666508	
152	13.000000000	
153	10.000000000	
154	16.000000000	
155	13.000000000	
156	14.887416840	
157	9.000000000	
158	10.000000000	
159	7.980132580	
160	11.935982704	
161	5.000000000	
162	11.000000000	
163	9.000000000	
164	8.000000000	
165	8.000000000	
166	9.000000000	
167	5.000000000	
168	10.000000000	
169	5.461368561	
170	11.000000000	
171	7.000000000	
172	9.000000000	
173	5.000000000	
174	11.000000000	
175	9.000000000	
176	14.000000000	
177	11.000000000	
178	19.000000000	
179	20.000000000	
180	29.000000000	
181	35.008831024	
182	35.964679718	
183	25.920530319	
184	24.876379013	
185	16.000000000	
186	17.000000000	
187	11.000000000	
188	13.000000000	
189	7.344370842	
190	15.000000000	
191	13.567328453	
192	16.046358109	
193	10.958057404	
194	15.000000000	
195	9.000000000	
196	9.653421402	
197	5.000000000	
198	13.000000000	
199	10.000000000	
200	13.000000000	
201	11.000000000	
202	15.000000000	
203	9.000000000	
204	11.993377686	
205	5.000000000	
206	9.000000000	
207	5.000000000	
208	9.000000000	
209	6.000000000	
210	10.000000000	
211	6.000000000	
212	10.000000000	
213	5.000000000	
214	8.000000000	
215	6.000000000	
216	13.000000000	
217	10.000000000	
218	16.000000000	
219	18.000000000	
220	28.000000000	
221	31.000000000	
222	33.000000000	
223	20.000000000	
224	21.000000000	
225	13.066225052	
226	13.000000000	
227	11.022074699	
228	12.066225052	
229	12.889624596	
230	18.000000000	
231	13.000000000	
232	13.000000000	
233	7.286975861	
234	13.000000000	
235	9.000000000	
236	12.000000000	
237	11.463576317	
238	15.000000000	
239	8.000000000	
240	11.403973579	
241	8.359823227	
242	10.315672874	
243	4.271522999	
244	10.000000000	
245	4.633553982	
246	7.860927105	
247	6.905077457	
248	12.000000000	
249	7.000000000	
250	12.037528038	
251	10.163355827	
252	14.251655579	
253	19.000000000	
254	25.000000000	
255	32.000000000	
256	32.302429199	
257	18.000000000	
258	19.000000000	
259	11.000000000	
260	13.520971298	
261	8.000000000	
262	15.000000000	
263	12.000000000	
264	13.344370842	
265	8.300220490	
266	13.000000000	
267	8.000000000	
268	10.000000000	
269	12.000000000	
270	11.079470634	
271	6.000000000	
272	9.017660141	
273	5.052979946	
274	11.000000000	
275	7.000000000	
276	8.814569473	
277	6.229580402	
278	9.000000000	
279	4.000000000	
280	9.000000000	
281	7.593819141	
282	15.000000000	
283	16.000000000	
284	24.000000000	
285	28.331125259	
286	27.253862381	
287	16.671081543	
288	15.715231895	
289	10.000000000	
290	15.000000000	
291	12.152318001	
292	13.324502945	
293	14.871964455	
294	14.960265160	
295	6.975717545	
296	10.000000000	
297	9.112583160	
298	16.000000000	
299	9.000000000	
300	7.245033264	
301	4.000000000	
302	10.666666985	
303	4.000000000	
304	11.000000000	
305	8.000000000	
306	9.000000000	
307	8.554083824	
308	10.000000000	
309	12.357615471	
310	18.000000000	
311	25.269315720	
312	35.000000000	
313	23.000000000	
314	20.136865616	
315	14.000000000	
316	12.000000000	
317	11.000000000	
318	16.000000000	
319	8.916114807	
320	12.871964455	
321	7.827814579	
322	12.000000000	
323	13.000000000	
324	11.000000000	
325	10.000000000	
326	11.000000000	
327	6.000000000	
328	10.000000000	
329	8.000000000	
330	11.569536209	
331	7.613686562	
332	12.000000000	
333	4.298013210	
334	10.000000000	
335	16.580574036	
336	26.834436417	
337	29.000000000	
338	30.077262878	
339	14.033112526	
340	16.977924347	
341	8.000000000	
342	15.000000000	
343	11.000000000	
344	12.000000000	
345	8.000000000	
346	13.000000000	
347	10.000000000	
348	17.000000000	
349	6.591611385	
350	11.547461510	
351	5.503311157	
352	12.000000000	
353	6.000000000	
354	8.000000000	
355	9.000000000	
356	10.000000000	
357	11.000000000	
358	12.805739403	
359	23.849889755	
360	32.105960846	
361	21.061809540	
362	21.017660141	
363	11.973509789	
364	13.929359436	
365	16.000000000	
366	16.000000000	
367	8.000000000	
368	12.000000000	
369	11.000000000	
370	16.000000000	
371	11.000000000	
372	13.000000000	
373	4.000000000	
374	9.000000000	
375	6.000000000	
376	10.000000000	
377	8.000000000	
378	14.000000000	
379	11.000000000	
380	14.000000000	
381	23.821191788	
382	33.000000000	
383	19.090507507	
384	15.000000000	
385	10.997792244	
386	14.958057404	
387	13.827814102	
388	15.739514351	
389	9.000000000	
390	12.000000000	
391	11.000000000	
392	15.000000000	
393	7.000000000	
394	11.000000000	
395	8.000000000	
396	8.000000000	
397	5.000000000	
398	9.000000000	
399	6.000000000	
400	12.000000000	
401	15.704194069	
402	29.748344421	
403	26.000000000	
404	22.000000000	
405	13.000000000	
406	14.000000000	
407	12.000000000	
408	16.000000000	
409	7.000000000	
410	12.000000000	
411	11.000000000	
412	14.000000000	
413	6.000000000	
414	9.000000000	
415	6.322295666	
416	12.000000000	
417	7.410595894	
418	12.454746246	
419	10.000000000	
420	13.000000000	
421	24.000000000	
422	31.000000000	
423	20.000000000	
424	20.000000000	
425	13.000000000	
426	16.000000000	
427	15.000000000	
428	14.000000000	
429	5.940397263	
430	13.000000000	
431	12.000000000	
432	14.000000000	
433	8.000000000	
434	11.000000000	
435	7.794702053	
436	12.000000000	
437	5.000000000	
438	11.000000000	
439	13.000000000	
440	21.000000000	
441	31.000000000	
442	26.000000000	
443	14.000000000	
444	11.000000000	
445	14.000000000	
446	13.690949440	
447	11.735099792	
448	11.000000000	
449	12.000000000	
450	10.867549896	
451	9.000000000	
452	11.955849648	
453	0.000000000	
