0	16.000000000	
1	11.004376411	
2	16.000000000	
3	13.000000000	
4	16.000000000	
5	11.000000000	
6	17.000000000	
7	12.000000000	
8	11.964988708	
9	11.960612297	
10	13.000000000	
11	10.000000000	
12	15.000000000	
13	11.000000000	
14	16.000000000	
15	12.000000000	
16	13.000000000	
17	13.074398041	
18	15.078774452	
19	12.000000000	
20	13.087527275	
21	12.000000000	
22	10.000000000	
23	13.000000000	
24	12.000000000	
25	13.109409332	
26	12.000000000	
27	13.000000000	
28	13.122538567	
29	12.126914978	
30	14.000000000	
31	15.135667801	
32	14.140044212	
33	13.144419670	
34	16.148796082	
35	14.153172493	
36	19.000000000	
37	13.000000000	
38	16.166301727	
39	14.000000000	
40	16.175054550	
41	18.000000000	
42	19.000000000	
43	19.000000000	
44	22.192560196	
45	19.196935654	
46	25.201313019	
47	19.000000000	
48	26.210065842	
49	25.214441299	
50	31.000000000	
51	27.776805878	
52	33.000000000	
53	34.231948853	
54	42.236324310	
55	41.000000000	
56	48.754924774	
57	47.249454498	
58	54.000000000	
59	50.000000000	
60	52.000000000	
61	50.000000000	
62	53.000000000	
63	42.275711060	
64	41.280086517	
65	38.000000000	
66	38.000000000	
67	31.293216705	
68	35.297592163	
69	30.301969528	
70	34.000000000	
71	28.000000000	
72	27.315097809	
73	27.319475174	
74	28.000000000	
75	22.000000000	
76	26.667396545	
77	24.000000000	
78	27.341356277	
79	22.345733643	
80	27.000000000	
81	16.000000000	
82	23.000000000	
83	18.000000000	
84	17.000000000	
85	12.000000000	
86	17.623632431	
87	12.619256020	
88	12.614879608	
89	10.000000000	
90	14.000000000	
91	10.398249626	
92	15.402626038	
93	12.407002449	
94	15.411378860	
95	8.415755272	
96	10.000000000	
97	7.000000000	
98	11.000000000	
99	9.000000000	
100	13.000000000	
101	7.000000000	
102	12.000000000	
103	8.000000000	
104	9.000000000	
105	8.000000000	
106	11.000000000	
107	7.468271255	
108	11.472647667	
109	7.000000000	
110	12.481400490	
111	8.485776901	
112	8.490153313	
113	8.000000000	
114	10.000000000	
115	6.000000000	
116	10.000000000	
117	6.000000000	
118	12.000000000	
119	9.000000000	
120	10.000000000	
121	6.000000000	
122	11.000000000	
123	7.000000000	
124	11.457330704	
125	8.000000000	
126	12.000000000	
127	8.000000000	
128	11.000000000	
129	8.000000000	
130	12.000000000	
131	7.426695824	
132	12.000000000	
133	10.000000000	
134	16.000000000	
135	12.000000000	
136	14.000000000	
137	17.599561691	
138	19.603939056	
139	25.216630936	
140	33.225383759	
141	40.234134674	
142	47.242889404	
143	49.251640320	
144	46.260395050	
145	32.634574890	
146	33.000000000	
147	27.000000000	
148	28.000000000	
149	21.000000000	
150	23.656455994	
151	19.000000000	
152	20.665208817	
153	17.000000000	
154	17.000000000	
155	11.678337097	
156	16.000000000	
157	10.000000000	
158	12.308533669	
159	8.000000000	
160	10.000000000	
161	4.000000000	
162	11.291028023	
163	8.000000000	
164	10.000000000	
165	8.000000000	
166	12.000000000	
167	7.000000000	
168	12.000000000	
169	7.000000000	
170	9.743982315	
171	6.000000000	
172	11.752735138	
173	9.000000000	
174	12.000000000	
175	7.765864372	
176	11.770240784	
177	4.225382805	
178	10.000000000	
179	7.000000000	
180	12.000000000	
181	10.000000000	
182	12.000000000	
183	7.000000000	
184	13.805252075	
185	8.190372467	
186	13.000000000	
187	11.818380356	
188	15.000000000	
189	19.345733643	
190	27.336980820	
191	42.000000000	
192	47.680526733	
193	40.310722351	
194	37.000000000	
195	26.853391647	
196	27.715536118	
197	21.862144470	
198	25.133480072	
199	19.129102707	
200	18.000000000	
201	14.000000000	
202	16.000000000	
203	11.000000000	
204	15.000000000	
205	9.000000000	
206	10.000000000	
207	6.000000000	
208	12.000000000	
209	5.000000000	
210	9.000000000	
211	5.000000000	
212	9.000000000	
213	7.000000000	
214	12.000000000	
215	7.000000000	
216	9.000000000	
217	8.000000000	
218	9.954048157	
219	6.000000000	
220	12.000000000	
221	8.000000000	
222	13.000000000	
223	9.000000000	
224	10.000000000	
225	8.000000000	
226	13.000000000	
227	13.000000000	
228	18.997812271	
229	28.002187729	
230	39.006565094	
231	48.978118896	
232	42.969364166	
233	28.059080124	
234	30.024070740	
235	21.971553802	
236	21.967176437	
237	17.000000000	
238	20.000000000	
239	12.000000000	
240	10.949671745	
241	8.945295334	
242	10.000000000	
243	6.936542511	
244	11.000000000	
245	6.000000000	
246	10.923413277	
247	7.919037342	
248	9.914660454	
249	2.179430962	
250	10.094092369	
251	7.901531696	
252	10.897155762	
253	7.107221127	
254	12.888402939	
255	8.884026527	
256	11.120349884	
257	7.875273705	
258	11.000000000	
259	10.000000000	
260	13.862144470	
261	15.000000000	
262	23.146608353	
263	42.849014282	
264	49.689277649	
265	38.159736633	
266	32.835887909	
267	24.663019180	
268	26.000000000	
269	17.177242279	
270	18.181619644	
271	12.814003944	
272	11.809627533	
273	10.194747925	
274	10.398249626	
275	8.796499252	
276	9.623632431	
277	8.363238335	
278	7.649890423	
279	8.000000000	
280	12.000000000	
281	5.000000000	
282	8.531728745	
283	5.000000000	
284	11.000000000	
285	8.752735138	
286	12.748358727	
287	8.000000000	
288	9.479211807	
289	9.000000000	
290	12.730853081	
291	15.452954292	
292	22.444200516	
293	43.153171539	
294	45.426696777	
295	28.000000000	
296	27.000000000	
297	18.299781799	
298	20.695842743	
299	13.691466331	
300	14.687089920	
301	9.000000000	
302	11.321662903	
303	7.326039314	
304	11.330415726	
305	6.334792137	
306	8.321662903	
307	5.343544960	
308	10.000000000	
309	7.352297783	
310	10.713348389	
311	4.916849136	
312	11.365427017	
313	4.260394096	
314	10.251641273	
315	9.621443748	
316	11.000000000	
317	11.612691879	
318	16.608314514	
319	33.396060944	
320	41.800876617	
321	34.404815674	
322	30.818380356	
323	21.827133179	
324	23.417943954	
325	16.000000000	
326	16.000000000	
327	9.000000000	
328	8.000000000	
329	10.000000000	
330	11.111597061	
331	8.000000000	
332	11.547045708	
333	8.000000000	
334	12.385120392	
335	7.000000000	
336	12.470459938	
337	4.474835873	
338	12.958424568	
339	5.967177391	
340	11.512035370	
341	9.507658958	
342	15.000000000	
343	22.000000000	
344	32.000000000	
345	42.980304718	
346	35.457328796	
347	23.481399536	
348	24.522975922	
349	17.527351379	
350	17.531728745	
351	10.000000000	
352	10.540481567	
353	7.455142021	
354	11.000000000	
355	7.000000000	
356	11.557987213	
357	8.437636375	
358	12.433259964	
359	7.571115971	
360	10.575491905	
361	7.579868793	
362	8.415755272	
363	9.411378860	
364	14.592997551	
365	13.194747925	
366	18.398248672	
367	38.181617737	
368	46.947483063	
369	27.385120392	
370	26.619255066	
371	18.000000000	
372	17.371992111	
373	10.000000000	
374	12.363238335	
375	7.717724323	
376	10.354485512	
377	5.000000000	
378	11.345732689	
379	9.341356277	
380	12.663020134	
381	8.000000000	
382	12.328227997	
383	8.323851585	
384	10.319475174	
385	7.684901714	
386	13.689277649	
387	14.000000000	
388	19.603939056	
389	43.000000000	
390	46.413566589	
391	26.000000000	
392	21.853391647	
393	18.280088425	
394	16.000000000	
395	9.000000000	
396	13.000000000	
397	9.000000000	
398	13.258205414	
399	10.000000000	
400	12.000000000	
401	6.245076656	
402	13.037199020	
403	8.000000000	
404	12.768052101	
405	6.544857979	
406	9.446389198	
407	11.781181335	
408	16.785558701	
409	31.000000000	
410	41.205688477	
411	29.402626038	
412	27.196935654	
413	21.000000000	
414	19.188184738	
415	12.816192627	
416	10.641138077	
417	8.175054550	
418	10.170678139	
419	7.000000000	
420	12.000000000	
421	8.000000000	
422	13.153172493	
423	9.148796082	
424	9.855580330	
425	9.140044212	
426	15.457330704	
427	14.868708611	
428	18.000000000	
429	41.122539520	
430	43.354484558	
431	23.772428513	
432	25.000000000	
433	13.000000000	
434	16.000000000	
435	8.903719902	
436	11.000000000	
437	8.000000000	
438	11.000000000	
439	6.000000000	
440	11.074398041	
441	7.789934158	
442	12.934354782	
443	10.877461433	
444	13.943107605	
445	13.789934158	
446	14.144419670	
447	28.868709564	
448	42.118160248	
449	30.964988708	
450	27.061269760	
451	18.105031967	
452	18.043764114	
453	9.964988708	
454	11.986870766	
455	9.000000000	
456	10.995623589	
457	0.000000000	
