0	16.000000000	
1	18.953641891	
2	17.938190460	
3	15.953642845	
4	15.938189507	
5	14.768212318	
6	14.907284737	
7	15.891832352	
8	16.876379013	
9	14.139072418	
10	15.000000000	
11	17.490066528	
12	17.629138947	
13	12.598234177	
14	15.000000000	
15	15.304636002	
16	17.247240067	
17	15.949227333	
18	18.278144836	
19	16.119205475	
20	15.000000000	
21	16.000000000	
22	19.660043716	
23	15.289183617	
24	19.258277893	
25	15.227373123	
26	20.196468353	
27	15.582781792	
28	18.567329407	
29	13.000000000	
30	17.000000000	
31	13.000000000	
32	16.505517960	
33	11.000000000	
34	16.525386810	
35	14.081677437	
36	15.112583160	
37	10.428256035	
38	14.651214600	
39	13.794701576	
40	13.673289299	
41	12.000000000	
42	12.403973579	
43	10.000000000	
44	10.640176773	
45	8.913907051	
46	13.289183617	
47	10.368653297	
48	13.258277893	
49	11.728476524	
50	14.545253754	
51	9.635761261	
52	13.000000000	
53	9.362030983	
54	11.331126213	
55	13.000000000	
56	13.000000000	
57	13.000000000	
58	14.103753090	
59	14.000000000	
60	13.000000000	
61	11.114789963	
62	14.041942596	
63	14.026490211	
64	14.011037827	
65	16.000000000	
66	15.019867897	
67	15.000000000	
68	16.050771713	
69	15.000000000	
70	15.000000000	
71	11.000000000	
72	15.000000000	
73	10.000000000	
74	17.000000000	
75	14.000000000	
76	13.000000000	
77	8.189845085	
78	14.205298424	
79	11.000000000	
80	12.000000000	
81	15.000000000	
82	16.000000000	
83	20.000000000	
84	18.000000000	
85	19.253862381	
86	25.986755371	
87	24.033113480	
88	27.079469681	
89	34.750553131	
90	37.000000000	
91	39.406181335	
92	34.264900208	
93	33.562915802	
94	35.000000000	
95	28.000000000	
96	26.000000000	
97	19.000000000	
98	24.000000000	
99	18.000000000	
100	14.454746246	
101	15.560706139	
102	13.576158524	
103	14.000000000	
104	14.000000000	
105	12.000000000	
106	12.000000000	
107	11.653421402	
108	8.668873787	
109	7.368653297	
110	11.399558067	
111	12.430463791	
112	12.461368561	
113	12.492273331	
114	11.523179054	
115	9.554083824	
116	9.377483368	
117	10.807947159	
118	9.823399544	
119	8.000000000	
120	8.000000000	
121	9.000000000	
122	10.000000000	
123	10.000000000	
124	10.000000000	
125	7.931567192	
126	10.000000000	
127	12.962471962	
128	13.977925301	
129	14.993377686	
130	16.000000000	
131	16.000000000	
132	15.039734840	
133	11.834437370	
134	10.788079262	
135	9.741722107	
136	10.695363998	
137	10.649006844	
138	10.602648735	
139	11.556291580	
140	13.509933472	
141	7.821192265	
142	11.805739403	
143	12.790287018	
144	12.225165367	
145	14.240617752	
146	14.256071091	
147	13.271523476	
148	13.573951721	
149	14.302428246	
150	15.317880630	
151	12.333333015	
152	17.000000000	
153	20.000000000	
154	23.000000000	
155	32.395141602	
156	35.410594940	
157	35.573951721	
158	37.000000000	
159	27.000000000	
160	28.000000000	
161	17.000000000	
162	16.000000000	
163	14.481236458	
164	10.465784073	
165	9.000000000	
166	12.000000000	
167	8.000000000	
168	12.596026421	
169	9.611478806	
170	12.000000000	
171	5.642384052	
172	7.657836437	
173	4.980132580	
174	7.933774948	
175	5.591611385	
176	10.841059685	
177	6.794702053	
178	12.498896599	
179	10.467990875	
180	13.437086105	
181	10.406181335	
182	14.375275612	
183	12.516556740	
184	15.470198631	
185	9.423841476	
186	12.377483368	
187	8.331126213	
188	9.284768105	
189	6.238410473	
190	9.192052841	
191	11.145695686	
192	11.099337578	
193	12.035320282	
194	13.004414558	
195	12.066225052	
196	12.114789963	
197	11.132450104	
198	15.238410950	
199	16.300220490	
200	20.362030029	
201	32.423839569	
202	37.364238739	
203	33.547462463	
204	30.609272003	
205	17.000000000	
206	18.000000000	
207	12.000000000	
208	13.785871506	
209	8.000000000	
210	13.000000000	
211	9.000000000	
212	9.000000000	
213	8.165562630	
214	9.227373123	
215	8.289183617	
216	9.350993156	
217	11.059602737	
218	9.105959892	
219	7.536423683	
220	9.598234177	
221	12.000000000	
222	14.000000000	
223	13.000000000	
224	17.000000000	
225	8.000000000	
226	13.000000000	
227	10.507726669	
228	10.523179054	
229	13.154525757	
230	13.662251472	
231	14.278145790	
232	14.339956284	
233	14.401765823	
234	14.463576317	
235	15.525385857	
236	15.587196350	
237	23.649005890	
238	32.033111572	
239	33.772628784	
240	34.125827789	
241	20.896247864	
242	21.218542099	
243	15.019867897	
244	11.081677437	
245	11.143487930	
246	11.205298424	
247	7.267107964	
248	13.328918457	
249	8.543045998	
250	13.452538490	
251	9.514348984	
252	12.576158524	
253	5.090507507	
254	12.075055122	
255	12.000000000	
256	16.000000000	
257	12.971302032	
258	15.986755371	
259	10.002207756	
260	12.000000000	
261	8.000000000	
262	13.000000000	
263	11.935982704	
264	13.000000000	
265	11.905076981	
266	10.889624596	
267	15.874172211	
268	14.000000000	
269	24.529800415	
270	35.311256409	
271	35.249446869	
272	33.187637329	
273	18.907285690	
274	17.830022812	
275	11.752758980	
276	11.675497055	
277	11.000000000	
278	10.000000000	
279	9.000000000	
280	9.000000000	
281	9.000000000	
282	9.642384529	
283	9.626931190	
284	9.000000000	
285	9.596026421	
286	15.000000000	
287	12.565121651	
288	12.549669266	
289	12.000000000	
290	11.000000000	
291	14.000000000	
292	10.000000000	
293	10.362030983	
294	14.284768105	
295	11.207505226	
296	14.130243301	
297	18.642383575	
298	23.975717545	
299	31.278144836	
300	29.821191788	
301	17.000000000	
302	16.666666031	
303	10.682119370	
304	13.000000000	
305	7.000000000	
306	12.000000000	
307	8.256071091	
308	9.481236458	
309	5.125827789	
310	7.048564911	
311	7.971302509	
312	9.715231895	
313	12.653421402	
314	11.739514351	
315	9.529801369	
316	9.467990875	
317	5.000000000	
318	12.000000000	
319	9.000000000	
320	16.944812775	
321	11.000000000	
322	14.000000000	
323	18.000000000	
324	21.006622314	
325	33.977924347	
326	32.962471008	
327	15.947019577	
328	16.000000000	
329	10.000000000	
330	11.000000000	
331	9.000000000	
332	9.000000000	
333	6.000000000	
334	11.000000000	
335	7.176600456	
336	11.192052841	
337	12.000000000	
338	19.777042389	
339	13.761589050	
340	13.000000000	
341	10.807947159	
342	11.854304314	
343	13.900662422	
344	14.947019577	
345	13.993377686	
346	13.693157196	
347	17.086091995	
348	21.754966736	
349	32.000000000	
350	32.000000000	
351	16.576158524	
352	17.000000000	
353	10.000000000	
354	10.470198631	
355	9.000000000	
356	10.000000000	
357	7.066225052	
358	10.128035545	
359	10.189845085	
360	11.251655579	
361	15.313466072	
362	16.375276566	
363	13.437086105	
364	9.498896599	
365	10.359823227	
366	12.000000000	
367	12.000000000	
368	14.000000000	
369	12.000000000	
370	17.000000000	
371	31.267108917	
372	33.000000000	
373	21.000000000	
374	17.000000000	
375	8.000000000	
376	13.000000000	
377	9.000000000	
378	13.000000000	
379	9.000000000	
380	12.000000000	
381	6.549668789	
382	11.708609581	
383	15.673289299	
384	13.801324844	
385	11.847681999	
386	12.894040108	
387	14.940397263	
388	15.986755371	
389	9.000000000	
390	14.000000000	
391	16.000000000	
392	23.000000000	
393	32.000000000	
394	27.000000000	
395	15.000000000	
396	13.000000000	
397	7.865342140	
398	10.000000000	
399	10.000000000	
400	9.181015015	
401	9.196468353	
402	12.000000000	
403	14.227373123	
404	15.242825508	
405	10.000000000	
406	12.000000000	
407	8.000000000	
408	15.304636002	
409	13.320088387	
410	17.335540771	
411	14.350993156	
412	20.366445541	
413	32.236202240	
414	30.205297470	
415	15.761589050	
416	16.715230942	
417	10.668873787	
418	13.622516632	
419	12.050772667	
420	8.019867897	
421	9.483443260	
422	11.958057404	
423	14.390728951	
424	14.344370842	
425	12.298013687	
426	10.834437370	
427	10.803531647	
428	11.158940315	
429	12.000000000	
430	13.000000000	
431	17.000000000	
432	31.000000000	
433	25.000000000	
434	22.000000000	
435	13.721854210	
436	13.737306595	
437	6.000000000	
438	11.000000000	
439	9.000000000	
440	13.000000000	
441	9.000000000	
442	16.000000000	
443	13.000000000	
444	14.000000000	
445	8.000000000	
446	14.000000000	
447	13.000000000	
448	14.000000000	
449	17.938190460	
450	26.000000000	
451	33.000000000	
452	25.000000000	
453	0.000000000	
