0	10.000000000	
1	10.000000000	
2	12.000000000	
3	14.000000000	
4	10.000000000	
5	14.836244583	
6	9.803493500	
7	14.229257584	
8	12.262008667	
9	16.000000000	
10	7.000000000	
11	14.000000000	
12	11.000000000	
13	14.000000000	
14	11.000000000	
15	15.000000000	
16	10.000000000	
17	14.000000000	
18	9.000000000	
19	14.000000000	
20	11.000000000	
21	14.000000000	
22	10.000000000	
23	14.000000000	
24	10.000000000	
25	13.000000000	
26	9.000000000	
27	14.000000000	
28	11.000000000	
29	17.000000000	
30	13.000000000	
31	16.000000000	
32	11.000000000	
33	14.080785751	
34	13.000000000	
35	14.000000000	
36	15.000000000	
37	16.000000000	
38	15.000000000	
39	15.000000000	
40	15.000000000	
41	16.000000000	
42	14.000000000	
43	17.000000000	
44	18.000000000	
45	17.000000000	
46	18.000000000	
47	18.000000000	
48	19.000000000	
49	22.000000000	
50	17.362445831	
51	22.000000000	
52	20.296943665	
53	26.264192581	
54	23.231441498	
55	30.000000000	
56	27.000000000	
57	28.000000000	
58	27.100437164	
59	31.000000000	
60	32.034934998	
61	34.002182007	
62	37.969432831	
63	40.936679840	
64	44.000000000	
65	49.000000000	
66	52.000000000	
67	55.000000000	
68	58.000000000	
69	60.740173340	
70	64.000000000	
71	66.349342346	
72	62.925765991	
73	57.436679840	
74	51.000000000	
75	56.543666840	
76	46.000000000	
77	46.000000000	
78	37.554584503	
79	35.587337494	
80	31.620086670	
81	30.305677414	
82	27.000000000	
83	28.000000000	
84	21.751091003	
85	23.783842087	
86	18.816593170	
87	21.000000000	
88	15.117903709	
89	17.085153580	
90	15.947598457	
91	17.000000000	
92	11.986899376	
93	15.954148293	
94	13.000000000	
95	17.000000000	
96	12.000000000	
97	13.000000000	
98	15.209607124	
99	14.000000000	
100	10.275109291	
101	15.000000000	
102	8.000000000	
103	12.626637459	
104	11.593886375	
105	13.561135292	
106	7.000000000	
107	13.000000000	
108	9.000000000	
109	12.000000000	
110	9.000000000	
111	13.635371208	
112	9.000000000	
113	12.000000000	
114	8.000000000	
115	9.000000000	
116	7.000000000	
117	14.000000000	
118	9.000000000	
119	11.000000000	
120	9.000000000	
121	15.000000000	
122	7.000000000	
123	11.028384209	
124	9.000000000	
125	14.812227249	
126	10.746725082	
127	14.000000000	
128	10.000000000	
129	13.000000000	
130	12.257641792	
131	15.580785751	
132	10.353712082	
133	15.355895042	
134	17.056768417	
135	17.421398163	
136	20.545850754	
137	23.000000000	
138	21.960699081	
139	26.552402496	
140	31.000000000	
141	34.235809326	
142	41.951965332	
143	55.050216675	
144	63.716156006	
145	66.246726990	
146	59.908298492	
147	58.443229675	
148	46.235809326	
149	42.240173340	
150	31.737991333	
151	30.000000000	
152	19.956331253	
153	20.989082336	
154	14.000000000	
155	18.923580170	
156	13.890830040	
157	15.858078957	
158	11.000000000	
159	15.792576790	
160	11.000000000	
161	14.000000000	
162	8.305676460	
163	12.338427544	
164	8.371178627	
165	13.000000000	
166	9.000000000	
167	13.530568123	
168	9.497817039	
169	13.465065956	
170	6.000000000	
171	12.000000000	
172	9.000000000	
173	13.000000000	
174	9.000000000	
175	14.000000000	
176	10.235807419	
177	13.203056335	
178	10.000000000	
179	12.000000000	
180	11.000000000	
181	10.927947998	
182	14.000000000	
183	15.993450165	
184	15.026201248	
185	16.000000000	
186	15.908296585	
187	23.124454498	
188	23.157205582	
189	29.810043335	
190	39.777294159	
191	49.510917664	
192	63.288208008	
193	68.358078003	
194	55.000000000	
195	48.000000000	
196	34.000000000	
197	31.451965332	
198	21.484716415	
199	21.517467499	
200	14.000000000	
201	14.000000000	
202	9.000000000	
203	13.000000000	
204	11.000000000	
205	14.000000000	
206	8.000000000	
207	13.000000000	
208	10.000000000	
209	11.155021667	
210	11.877729416	
211	13.000000000	
212	10.943231583	
213	14.975982666	
214	8.000000000	
215	14.000000000	
216	12.000000000	
217	11.000000000	
218	9.000000000	
219	12.000000000	
220	9.000000000	
221	13.000000000	
222	9.000000000	
223	16.303493500	
224	15.000000000	
225	17.368995667	
226	22.000000000	
227	27.000000000	
228	35.000000000	
229	45.500000000	
230	63.532752991	
231	67.000000000	
232	50.000000000	
233	43.368995667	
234	26.336244583	
235	27.303493500	
236	18.000000000	
237	17.237991333	
238	12.000000000	
239	16.000000000	
240	11.000000000	
241	13.000000000	
242	7.000000000	
243	11.000000000	
244	8.000000000	
245	12.000000000	
246	7.056768417	
247	11.000000000	
248	8.000000000	
249	12.155021667	
250	5.000000000	
251	10.000000000	
252	7.000000000	
253	11.000000000	
254	9.000000000	
255	15.000000000	
256	12.000000000	
257	15.582969666	
258	19.550218582	
259	23.517467499	
260	26.000000000	
261	35.548034668	
262	54.580787659	
263	64.000000000	
264	57.353710175	
265	48.641921997	
266	27.288209915	
267	28.255458832	
268	17.000000000	
269	18.189956665	
270	12.000000000	
271	14.000000000	
272	12.000000000	
273	10.000000000	
274	7.000000000	
275	11.000000000	
276	8.000000000	
277	13.000000000	
278	10.000000000	
279	13.000000000	
280	7.000000000	
281	9.203056335	
282	7.000000000	
283	12.000000000	
284	9.000000000	
285	14.000000000	
286	11.000000000	
287	18.000000000	
288	18.000000000	
289	24.000000000	
290	28.497816086	
291	41.530567169	
292	57.000000000	
293	57.000000000	
294	36.000000000	
295	31.676855087	
296	20.000000000	
297	17.272926331	
298	9.759825706	
299	13.000000000	
300	8.174672127	
301	12.000000000	
302	8.000000000	
303	12.923581123	
304	8.956332207	
305	12.000000000	
306	9.021834373	
307	15.000000000	
308	10.000000000	
309	11.000000000	
310	7.000000000	
311	14.000000000	
312	11.000000000	
313	14.000000000	
314	14.000000000	
315	19.683406830	
316	25.000000000	
317	32.382095337	
318	51.414848328	
319	55.447597504	
320	37.000000000	
321	30.513099670	
322	19.454149246	
323	18.000000000	
324	11.000000000	
325	14.644104958	
326	9.000000000	
327	12.000000000	
328	8.000000000	
329	10.000000000	
330	6.192139626	
331	10.159388542	
332	8.000000000	
333	12.000000000	
334	7.938864708	
335	13.000000000	
336	10.000000000	
337	12.000000000	
338	14.069869041	
339	16.000000000	
340	21.000000000	
341	30.336244583	
342	45.200874329	
343	61.766376495	
344	40.467247009	
345	34.299125671	
346	18.000000000	
347	18.000000000	
348	12.000000000	
349	15.000000000	
350	9.000000000	
351	13.000000000	
352	9.000000000	
353	9.561135292	
354	10.000000000	
355	11.000000000	
356	8.000000000	
357	13.000000000	
358	8.000000000	
359	13.000000000	
360	11.000000000	
361	15.000000000	
362	12.855895042	
363	24.000000000	
364	31.921398163	
365	44.954147339	
366	57.000000000	
367	45.000000000	
368	24.947597504	
369	23.085153580	
370	8.882096291	
371	14.849345207	
372	9.000000000	
373	15.000000000	
374	8.000000000	
375	8.281659126	
376	9.000000000	
377	10.000000000	
378	6.860261917	
379	11.587336540	
380	10.000000000	
381	14.000000000	
382	8.510916710	
383	15.087336540	
384	15.152838707	
385	20.609170914	
386	38.432315826	
387	55.698688507	
388	43.462882996	
389	36.000000000	
390	19.772926331	
391	20.611352921	
392	10.323143959	
393	11.871178627	
394	7.192139626	
395	11.063319206	
396	8.000000000	
397	12.000000000	
398	8.000000000	
399	14.000000000	
400	10.000000000	
401	11.000000000	
402	7.834061146	
403	13.801309586	
404	14.768558502	
405	22.735807419	
406	29.000000000	
407	51.670307159	
408	51.275108337	
409	40.209606171	
410	21.000000000	
411	17.000000000	
412	9.000000000	
413	14.000000000	
414	10.000000000	
415	14.000000000	
416	10.000000000	
417	12.000000000	
418	4.310043812	
419	14.000000000	
420	7.000000000	
421	14.000000000	
422	12.000000000	
423	15.000000000	
424	18.000000000	
425	24.000000000	
426	39.000000000	
427	58.015285492	
428	33.982532501	
429	27.949781418	
430	12.082969666	
431	16.000000000	
432	12.000000000	
433	13.000000000	
434	9.786026001	
435	13.753274918	
436	7.720523834	
437	11.000000000	
438	9.655021667	
439	13.000000000	
440	7.000000000	
441	11.000000000	
442	11.475982666	
443	20.000000000	
444	27.541484833	
445	47.574234009	
446	48.393013000	
447	38.000000000	
448	17.000000000	
449	16.000000000	
450	11.000000000	
451	14.770742416	
452	10.000000000	
453	13.000000000	
454	8.868995667	
455	12.901746750	
456	8.934497833	
457	12.967248917	
458	0.000000000	
