0	7.000000000	
1	7.000000000	
2	7.000000000	
3	7.000000000	
4	7.000000000	
5	7.000000000	
6	7.000000000	
7	7.000000000	
8	7.000000000	
9	7.000000000	
10	7.000000000	
11	7.000000000	
12	7.000000000	
13	7.000000000	
14	7.000000000	
15	7.049048901	
16	7.912009716	
17	7.458620548	
18	7.000000000	
19	7.465517044	
20	8.000000000	
21	8.000000000	
22	7.724137783	
23	7.402675152	
24	7.939357758	
25	8.000000000	
26	7.069203377	
27	7.000000000	
28	7.334839344	
29	8.100000381	
30	8.896552086	
31	8.306896210	
32	8.151962280	
33	9.199999809	
34	9.917241096	
35	8.985433578	
36	8.578834534	
37	9.000000000	
38	8.981451035	
39	8.934482574	
40	8.256836891	
41	8.911712646	
42	9.455172539	
43	10.000000000	
44	10.525089264	
45	10.155172348	
46	10.000000000	
47	10.000000000	
48	10.460880280	
49	11.431034088	
50	11.000000000	
51	11.484245300	
52	12.000000000	
53	12.213496208	
54	13.000000000	
55	13.189655304	
56	13.918667793	
57	15.043459892	
58	16.200000763	
59	17.600000381	
60	18.164091110	
61	19.399999619	
62	20.132223129	
63	21.565517426	
64	24.558620453	
65	27.551723480	
66	29.498691559	
67	32.337932587	
68	36.594291687	
69	40.186267853	
70	45.758621216	
71	53.265518188	
72	60.588108063	
73	65.429489136	
74	66.596435547	
75	68.717895508	
76	70.743400574	
77	69.509811401	
78	67.124137878	
79	60.510345459	
80	55.103446960	
81	51.980083466	
82	44.234481812	
83	35.507431030	
84	31.510107040	
85	27.413793564	
86	23.517240524	
87	22.100000381	
88	19.413080215	
89	16.648870468	
90	15.310344696	
91	14.555707932	
92	14.000000000	
93	13.809572220	
94	13.034244537	
95	12.220273018	
96	12.000000000	
97	12.123602867	
98	11.937931061	
99	11.141379356	
100	10.118906021	
101	9.028359413	
102	9.000000000	
103	9.000000000	
104	9.000000000	
105	8.362069130	
106	8.000000000	
107	7.768965721	
108	7.027585983	
109	7.824138165	
110	8.000000000	
111	7.582758427	
112	6.413793087	
113	6.010344982	
114	6.806896687	
115	7.000000000	
116	6.599999905	
117	6.000000000	
118	6.000000000	
119	6.789655209	
120	7.000000000	
121	7.010642052	
122	7.000000000	
123	7.000000000	
124	7.772413731	
125	7.431034565	
126	6.656361580	
127	6.324138165	
128	7.695838451	
129	7.155172348	
130	7.000000000	
131	7.000000000	
132	7.144827366	
133	7.956539631	
134	8.000000000	
135	8.751189232	
136	9.022830009	
137	9.586623192	
138	9.330796242	
139	10.600000381	
140	11.766943932	
141	13.713792801	
142	15.800000191	
143	17.493103027	
144	20.903448105	
145	26.000000000	
146	31.941022873	
147	40.668075562	
148	55.070156097	
149	66.342987061	
150	67.699165344	
151	65.065162659	
152	58.580024719	
153	43.275863647	
154	37.583591461	
155	26.630796432	
156	18.636146545	
157	17.765518188	
158	13.984780312	
159	12.366290092	
160	10.551724434	
161	8.962009430	
162	8.231390953	
163	8.000000000	
164	8.000000000	
165	8.000000000	
166	7.811652660	
167	7.732996464	
168	5.979310513	
169	5.623840809	
170	6.000000000	
171	6.000000000	
172	6.000000000	
173	6.000000000	
174	6.000000000	
175	6.000000000	
176	6.193103313	
177	6.989655018	
178	7.000000000	
179	7.000000000	
180	7.000000000	
181	7.000000000	
182	7.000000000	
183	7.000000000	
184	7.000000000	
185	7.000000000	
186	7.000000000	
187	7.000000000	
188	7.751724243	
189	8.576635361	
190	10.225921631	
191	12.695184708	
192	15.470630646	
193	18.399999619	
194	23.733650208	
195	35.417358398	
196	52.827587128	
197	61.637931824	
198	61.937454224	
199	54.083827972	
200	43.896553040	
201	27.935375214	
202	18.250654221	
203	12.250000000	
204	12.624494553	
205	10.706896782	
206	6.517479420	
207	9.496016502	
208	7.435909748	
209	6.000000000	
210	6.275862217	
211	6.696135521	
212	6.878002167	
213	7.000000000	
214	6.537930965	
215	6.000000000	
216	6.000000000	
217	6.000000000	
218	6.000000000	
219	6.000000000	
220	6.000000000	
221	6.386266232	
222	6.994292736	
223	7.000000000	
224	7.000000000	
225	7.000000000	
226	7.379310131	
227	7.982758522	
228	7.174553871	
229	7.291141510	
230	12.422116280	
231	15.405469894	
232	20.000000000	
233	28.553091049	
234	41.750774384	
235	55.698574066	
236	61.545780182	
237	56.842567444	
238	35.303211212	
239	20.804458618	
240	14.970273018	
241	10.666349411	
242	9.199999809	
243	8.158561707	
244	7.913436413	
245	7.131093979	
246	7.000000000	
247	6.909572124	
248	5.501783371	
249	5.341379166	
250	6.137930870	
251	6.934482574	
252	7.000000000	
253	6.472414017	
254	6.000000000	
255	6.000000000	
256	6.000000000	
257	6.713793278	
258	6.489655018	
259	6.599999905	
260	7.907253265	
261	7.650000095	
262	8.537217140	
263	11.255469322	
264	14.620927811	
265	19.502378464	
266	34.096790314	
267	49.081985474	
268	60.507965088	
269	55.221107483	
270	42.305587769	
271	23.188346863	
272	15.673959732	
273	11.732401848	
274	8.437574387	
275	8.149821281	
276	7.151724339	
277	5.655231953	
278	5.441379547	
279	6.000000000	
280	6.000000000	
281	6.000000000	
282	6.627586365	
283	7.000000000	
284	6.863020420	
285	6.965814590	
286	6.186206818	
287	5.810344696	
288	5.852318764	
289	6.919322014	
290	6.000000000	
291	6.796551704	
292	8.393103600	
293	10.979310036	
294	15.853032112	
295	26.964921951	
296	44.275863647	
297	56.975803375	
298	51.614032745	
299	31.945659637	
300	23.790725708	
301	13.251248360	
302	10.199999809	
303	8.800000191	
304	7.400000095	
305	6.051723957	
306	6.000000000	
307	6.541379452	
308	6.324138165	
309	5.134482861	
310	5.931034565	
311	6.000000000	
312	5.620451927	
313	5.918014050	
314	6.060642242	
315	6.000000000	
316	5.289655209	
317	6.306896687	
318	7.321046352	
319	7.699999809	
320	13.782402039	
321	20.544054031	
322	34.385967255	
323	48.662364960	
324	56.068489075	
325	44.560939789	
326	24.632579803	
327	15.254340172	
328	10.843519211	
329	6.500535011	
330	6.743163109	
331	6.746908665	
332	6.655172348	
333	6.051723957	
334	6.000000000	
335	6.000000000	
336	6.000000000	
337	6.000000000	
338	6.000000000	
339	6.568965435	
340	6.940546989	
341	7.968490124	
342	7.820689678	
343	6.244233131	
344	8.229964256	
345	14.117716789	
346	26.146017075	
347	44.116527557	
348	58.799999237	
349	43.060821533	
350	31.724138260	
351	13.212246895	
352	9.532223701	
353	12.097324371	
354	5.953388691	
355	6.224137783	
356	6.000000000	
357	5.359036922	
358	4.994292736	
359	4.386266232	
360	4.758620739	
361	5.000000000	
362	4.648275852	
363	4.192330360	
364	4.980975151	
365	6.741379261	
366	7.862069130	
367	8.286742210	
368	11.150059700	
369	23.270629883	
370	39.683708191	
371	49.796730042	
372	37.778121948	
373	26.668668747	
374	14.194767952	
375	8.001189232	
376	5.883471966	
377	4.849999905	
378	6.103448391	
379	6.706896782	
380	5.428061962	
381	5.444292545	
382	6.000000000	
383	6.000000000	
384	6.000000000	
385	6.000000000	
386	6.000000000	
387	6.534482956	
388	7.118668079	
389	10.065576553	
390	14.140309334	
391	34.138824463	
392	55.366230011	
393	50.231330872	
394	22.419025421	
395	13.692925453	
396	10.408085823	
397	5.392687321	
398	5.033531666	
399	5.642806053	
400	5.000000000	
401	5.000000000	
402	5.000000000	
403	5.001962185	
404	5.639952660	
405	6.000000000	
406	6.000000000	
407	5.959333897	
408	5.626159191	
409	9.500475883	
410	10.768133163	
411	25.435375214	
412	45.045421600	
413	47.328002930	
414	30.122236252	
415	17.578775406	
416	13.603329659	
417	7.523721695	
418	8.614506721	
419	6.527645588	
420	6.000000000	
421	6.000000000	
422	6.000000000	
423	5.741379261	
424	5.137930870	
425	5.534482956	
426	6.000000000	
427	6.000000000	
428	6.275862217	
429	7.686979771	
430	12.997621536	
431	30.184600830	
432	50.757431030	
433	42.474079132	
434	17.820213318	
435	10.500000000	
436	8.800000191	
437	4.786206722	
438	4.351724148	
439	6.205588818	
440	6.000000000	
441	5.633709908	
442	5.000000000	
443	5.000000000	
444	5.000000000	
445	5.751189232	
446	5.934363842	
447	6.843460083	
448	8.710345268	
449	18.921937943	
450	37.067775726	
451	42.658027649	
452	26.234481812	
453	12.896195412	
454	4.725327015	
455	6.538347244	
456	9.855172157	
457	5.885731220	
458	5.797859669	
459	5.511236668	
460	4.211652756	
461	6.789655209	
462	5.983353138	
463	5.030321121	
464	7.199999809	
465	6.875148773	
466	9.019024849	
467	20.180736542	
468	34.135551453	
469	39.020629883	
470	20.912010193	
471	10.023662567	
472	6.775029659	
473	7.543579102	
474	6.000000000	
475	5.637930870	
476	5.000000000	
477	5.000000000	
478	5.000000000	
479	4.423365116	
480	3.796670675	
481	5.948929787	
482	7.036385059	
483	6.214863300	
484	12.874910355	
485	28.762485504	
486	39.467536926	
487	16.855707169	
488	12.273008347	
489	8.026218414	
490	5.000000000	
491	5.000000000	
492	5.000000000	
493	5.000000000	
494	5.000000000	
495	5.000000000	
496	5.089655399	
497	5.886207104	
498	6.000000000	
499	5.520689487	
500	6.455410004	
501	15.092152596	
502	31.959571838	
503	32.655647278	
504	17.625446320	
505	9.383472443	
506	9.270629883	
507	1.288882256	
508	4.605945110	
509	6.031272411	
510	4.816884518	
511	5.000000000	
512	5.000000000	
513	5.481926441	
514	4.439714432	
515	6.080261707	
516	6.844233036	
517	12.826694489	
518	27.375743866	
519	31.047859192	
520	17.699167252	
521	8.798573494	
522	6.199999809	
523	5.876575470	
524	4.667538643	
525	4.461058140	
526	5.156242371	
527	4.786504269	
528	5.000000000	
529	4.585255623	
530	6.970273495	
531	8.720689774	
532	5.504399300	
533	15.800000191	
534	26.414030075	
535	26.379310608	
536	14.761712074	
537	4.865160465	
538	4.796432972	
539	4.906183243	
540	3.632580280	
541	4.899465084	
542	5.680618286	
543	4.800000191	
544	4.510582447	
545	5.120689869	
546	5.917241573	
547	6.923067570	
548	10.635195732	
549	20.081451416	
550	23.042806625	
551	13.199999809	
552	7.000000000	
553	7.085017681	
554	5.710344791	
555	5.000000000	
556	5.000000000	
557	5.000000000	
558	5.000000000	
559	4.544411182	
560	3.940546989	
561	4.534482956	
562	6.965279579	
563	15.117240906	
564	22.615219116	
565	22.700357437	
566	11.331985474	
567	4.755291462	
568	5.306540012	
569	4.886147499	
570	3.067776442	
571	3.831034422	
572	4.000000000	
573	4.000000000	
574	4.000000000	
575	4.016943932	
576	5.877051353	
577	10.052199364	
578	15.800000191	
579	20.982759476	
580	0.000000000	
