0	25.000000000	
1	22.000000000	
2	27.000000000	
3	22.059341431	
4	27.000000000	
5	23.098901749	
6	24.237361908	
7	25.861537933	
8	26.000000000	
9	25.000000000	
10	25.000000000	
11	27.782417297	
12	28.000000000	
13	27.742856979	
14	29.000000000	
15	26.703296661	
16	29.683515549	
17	27.000000000	
18	33.000000000	
19	28.000000000	
20	34.000000000	
21	31.584615707	
22	34.564834595	
23	30.000000000	
24	34.000000000	
25	31.494504929	
26	36.000000000	
27	32.000000000	
28	36.553844452	
29	34.000000000	
30	38.000000000	
31	31.386814117	
32	34.000000000	
33	34.000000000	
34	33.000000000	
35	34.000000000	
36	33.000000000	
37	31.000000000	
38	31.000000000	
39	28.228570938	
40	31.208791733	
41	26.000000000	
42	29.000000000	
43	24.850549698	
44	27.870328903	
45	22.000000000	
46	24.909889221	
47	18.000000000	
48	23.000000000	
49	18.000000000	
50	21.000000000	
51	16.000000000	
52	21.000000000	
53	16.000000000	
54	19.000000000	
55	14.087912560	
56	18.000000000	
57	14.000000000	
58	18.000000000	
59	14.000000000	
60	18.000000000	
61	12.793406487	
62	15.773626328	
63	14.000000000	
64	17.000000000	
65	15.000000000	
66	19.000000000	
67	14.000000000	
68	18.000000000	
69	15.000000000	
70	17.000000000	
71	14.000000000	
72	17.000000000	
73	14.000000000	
74	18.000000000	
75	13.000000000	
76	18.000000000	
77	15.000000000	
78	17.000000000	
79	15.000000000	
80	17.000000000	
81	17.000000000	
82	17.000000000	
83	20.000000000	
84	22.000000000	
85	24.000000000	
86	27.000000000	
87	29.000000000	
88	33.740657806	
89	33.000000000	
90	38.780220032	
91	34.000000000	
92	37.000000000	
93	31.000000000	
94	29.140659332	
95	23.000000000	
96	24.000000000	
97	17.000000000	
98	18.938461304	
99	14.000000000	
100	17.978021622	
101	13.000000000	
102	15.982417107	
103	11.000000000	
104	14.000000000	
105	9.000000000	
106	13.000000000	
107	10.000000000	
108	14.863736153	
109	10.000000000	
110	12.000000000	
111	8.000000000	
112	13.000000000	
113	10.000000000	
114	13.000000000	
115	10.000000000	
116	14.000000000	
117	10.000000000	
118	13.000000000	
119	12.646153450	
120	13.000000000	
121	14.000000000	
122	15.000000000	
123	17.000000000	
124	20.000000000	
125	23.000000000	
126	25.000000000	
127	30.000000000	
128	34.531867981	
129	32.551647186	
130	37.000000000	
131	29.000000000	
132	28.389011383	
133	20.369230270	
134	19.349451065	
135	18.000000000	
136	18.000000000	
137	13.000000000	
138	18.000000000	
139	13.000000000	
140	17.000000000	
141	14.000000000	
142	17.000000000	
143	12.828571320	
144	16.848352432	
145	13.000000000	
146	17.000000000	
147	13.000000000	
148	17.000000000	
149	14.000000000	
150	19.000000000	
151	19.000000000	
152	26.000000000	
153	27.000000000	
154	37.000000000	
155	35.000000000	
156	36.000000000	
157	26.000000000	
158	24.874725342	
159	16.000000000	
160	16.000000000	
161	11.000000000	
162	15.000000000	
163	10.000000000	
164	14.000000000	
165	10.000000000	
166	11.000000000	
167	9.000000000	
168	12.000000000	
169	8.000000000	
170	12.000000000	
171	8.000000000	
172	13.000000000	
173	11.000000000	
174	15.000000000	
175	12.461538315	
176	16.000000000	
177	21.000000000	
178	25.000000000	
179	30.459341049	
180	35.000000000	
181	33.580219269	
182	29.000000000	
183	20.000000000	
184	21.000000000	
185	14.659340858	
186	18.000000000	
187	14.000000000	
188	17.000000000	
189	12.000000000	
190	16.758241653	
191	13.000000000	
192	16.000000000	
193	12.000000000	
194	17.000000000	
195	14.000000000	
196	20.876922607	
197	21.896703720	
198	30.000000000	
199	33.063735962	
200	37.000000000	
201	30.000000000	
202	27.000000000	
203	17.000000000	
204	17.000000000	
205	11.000000000	
206	13.000000000	
207	8.000000000	
208	12.000000000	
209	7.865933895	
210	11.000000000	
211	8.000000000	
212	12.000000000	
213	9.000000000	
214	13.000000000	
215	13.000000000	
216	15.000000000	
217	17.000000000	
218	23.000000000	
219	32.000000000	
220	35.351650238	
221	31.000000000	
222	26.391208649	
223	15.000000000	
224	18.000000000	
225	12.000000000	
226	16.000000000	
227	12.000000000	
228	16.490110397	
229	13.000000000	
230	16.450550079	
231	13.569231033	
232	15.589011192	
233	17.000000000	
234	22.000000000	
235	31.648351669	
236	35.000000000	
237	30.000000000	
238	26.707693100	
239	15.000000000	
240	16.000000000	
241	11.000000000	
242	14.000000000	
243	8.000000000	
244	12.000000000	
245	9.000000000	
246	11.000000000	
247	10.000000000	
248	14.000000000	
249	11.000000000	
250	14.054944992	
251	19.000000000	
252	24.000000000	
253	35.000000000	
254	36.000000000	
255	25.000000000	
256	23.000000000	
257	14.000000000	
258	16.000000000	
259	12.000000000	
260	17.000000000	
261	13.000000000	
262	13.000000000	
263	14.000000000	
264	14.221978188	
265	18.000000000	
266	22.000000000	
267	33.000000000	
268	37.000000000	
269	26.000000000	
270	24.000000000	
271	11.000000000	
272	14.000000000	
273	8.399999619	
274	12.000000000	
275	8.439560890	
276	12.459341049	
277	9.479121208	
278	12.498901367	
279	11.000000000	
280	12.461538315	
281	18.000000000	
282	22.000000000	
283	31.000000000	
284	33.000000000	
285	21.362636566	
286	21.000000000	
287	12.000000000	
288	16.000000000	
289	13.000000000	
290	16.000000000	
291	11.000000000	
292	15.000000000	
293	12.000000000	
294	17.000000000	
295	26.000000000	
296	35.000000000	
297	26.000000000	
298	24.000000000	
299	13.000000000	
300	12.000000000	
301	10.000000000	
302	11.000000000	
303	8.000000000	
304	10.986813545	
305	8.967033386	
306	11.947252274	
307	13.000000000	
308	15.000000000	
309	26.000000000	
310	30.000000000	
311	24.303297043	
312	23.000000000	
313	13.808791161	
314	15.000000000	
315	12.000000000	
316	16.749450684	
317	12.000000000	
318	13.870329857	
319	12.309889793	
320	18.340660095	
321	24.698900223	
322	32.000000000	
323	22.000000000	
324	20.817583084	
325	12.714285851	
326	13.000000000	
327	8.000000000	
328	10.000000000	
329	6.492307663	
330	12.472527504	
331	8.000000000	
332	13.000000000	
333	15.000000000	
334	24.213186264	
335	30.626373291	
336	30.353845596	
337	15.334066391	
338	16.685714722	
339	12.410988808	
340	15.725275040	
341	14.254944801	
342	15.000000000	
343	14.784615517	
344	16.195604324	
345	25.351648331	
346	34.843955994	
347	24.863737106	
348	22.116483688	
349	10.096703529	
350	12.000000000	
351	8.942856789	
352	10.000000000	
353	10.000000000	
354	10.000000000	
355	12.000000000	
356	15.000000000	
357	21.000000000	
358	29.000000000	
359	24.000000000	
360	21.000000000	
361	12.000000000	
362	15.000000000	
363	13.000000000	
364	15.000000000	
365	10.000000000	
366	14.000000000	
367	18.259340286	
368	28.000000000	
369	26.298900604	
370	23.318681717	
371	11.000000000	
372	13.358242035	
373	9.000000000	
374	8.000000000	
375	8.000000000	
376	9.437362671	
377	12.457142830	
378	12.476922989	
379	23.496704102	
380	30.516483307	
381	21.536264420	
382	18.000000000	
383	11.000000000	
384	14.595603943	
385	13.615385056	
386	15.000000000	
387	14.000000000	
388	18.325275421	
389	31.000000000	
390	33.000000000	
391	19.000000000	
392	16.000000000	
393	9.000000000	
394	13.000000000	
395	8.000000000	
396	12.000000000	
397	10.000000000	
398	14.000000000	
399	16.000000000	
400	26.000000000	
401	27.000000000	
402	26.000000000	
403	14.000000000	
404	16.000000000	
405	13.000000000	
406	15.000000000	
407	10.949450493	
408	15.070329666	
409	25.090110779	
410	36.109889984	
411	20.000000000	
412	14.149450302	
413	10.000000000	
414	10.810989380	
415	7.000000000	
416	12.000000000	
417	9.751647949	
418	16.000000000	
419	19.000000000	
420	29.000000000	
421	22.000000000	
422	18.652748108	
423	13.000000000	
424	14.386813164	
425	13.000000000	
426	14.426373482	
427	14.446153641	
428	21.465934753	
429	32.000000000	
430	27.000000000	
431	10.000000000	
432	13.000000000	
433	8.000000000	
434	11.000000000	
435	8.000000000	
436	14.000000000	
437	14.000000000	
438	20.000000000	
439	29.000000000	
440	26.000000000	
441	14.000000000	
442	15.000000000	
443	13.000000000	
444	16.000000000	
445	12.000000000	
446	19.000000000	
447	30.000000000	
448	29.000000000	
449	13.000000000	
450	14.000000000	
451	9.000000000	
452	11.000000000	
453	10.000000000	
454	11.000000000	
455	0.000000000	
