0	11.000000000	
1	17.000000000	
2	13.000000000	
3	12.986956596	
4	10.000000000	
5	12.021739006	
6	8.000000000	
7	14.000000000	
8	11.000000000	
9	15.000000000	
10	12.000000000	
11	16.952173233	
12	13.000000000	
13	15.000000000	
14	13.000000000	
15	12.000000000	
16	14.000000000	
17	15.000000000	
18	14.000000000	
19	14.000000000	
20	8.086956978	
21	14.000000000	
22	11.904347420	
23	16.899999619	
24	13.895651817	
25	18.000000000	
26	12.113043785	
27	13.117391586	
28	16.000000000	
29	17.000000000	
30	14.000000000	
31	18.000000000	
32	13.000000000	
33	20.000000000	
34	17.000000000	
35	17.000000000	
36	15.000000000	
37	18.000000000	
38	15.000000000	
39	20.000000000	
40	17.000000000	
41	23.821739197	
42	19.000000000	
43	18.000000000	
44	21.191305161	
45	23.000000000	
46	22.000000000	
47	23.795652390	
48	20.000000000	
49	27.786956787	
50	21.782608032	
51	29.556522369	
52	24.000000000	
53	27.230434418	
54	24.234783173	
55	29.478260040	
56	26.243478775	
57	30.247825623	
58	28.000000000	
59	34.256523132	
60	30.260869980	
61	32.000000000	
62	37.000000000	
63	42.726085663	
64	45.443477631	
65	48.434783936	
66	54.000000000	
67	60.291305542	
68	58.704349518	
69	64.000000000	
70	66.304344177	
71	74.691307068	
72	70.686958313	
73	75.682609558	
74	68.678260803	
75	65.000000000	
76	60.000000000	
77	61.669567108	
78	47.017391205	
79	47.343479156	
80	41.652172089	
81	42.295650482	
82	37.643478394	
83	34.360870361	
84	25.000000000	
85	28.000000000	
86	27.626087189	
87	25.621738434	
88	26.617391586	
89	26.000000000	
90	25.000000000	
91	26.000000000	
92	17.000000000	
93	20.000000000	
94	15.000000000	
95	19.000000000	
96	16.000000000	
97	19.000000000	
98	12.000000000	
99	14.000000000	
100	9.000000000	
101	13.000000000	
102	9.443478584	
103	14.000000000	
104	12.000000000	
105	16.000000000	
106	11.539130211	
107	15.000000000	
108	7.000000000	
109	14.000000000	
110	7.521739006	
111	13.000000000	
112	9.000000000	
113	12.000000000	
114	11.000000000	
115	11.000000000	
116	7.000000000	
117	11.000000000	
118	8.000000000	
119	12.000000000	
120	8.000000000	
121	12.000000000	
122	9.000000000	
123	14.000000000	
124	8.539130211	
125	10.543478012	
126	8.000000000	
127	14.000000000	
128	10.000000000	
129	16.000000000	
130	12.000000000	
131	13.569564819	
132	11.000000000	
133	19.000000000	
134	14.000000000	
135	20.000000000	
136	15.591304779	
137	22.000000000	
138	24.000000000	
139	23.604347229	
140	25.782608032	
141	30.708696365	
142	30.382608414	
143	39.000000000	
144	49.243476868	
145	57.478260040	
146	69.634780884	
147	74.721740723	
148	63.713043213	
149	65.704345703	
150	47.695652008	
151	46.686958313	
152	27.678260803	
153	33.334781647	
154	27.330434799	
155	23.000000000	
156	20.678260803	
157	21.682609558	
158	17.000000000	
159	19.308694839	
160	13.000000000	
161	16.000000000	
162	12.000000000	
163	13.291304588	
164	10.000000000	
165	14.282608986	
166	10.278261185	
167	13.000000000	
168	10.000000000	
169	15.000000000	
170	8.739130020	
171	7.743478298	
172	9.252174377	
173	12.247825623	
174	8.000000000	
175	12.000000000	
176	9.000000000	
177	13.000000000	
178	9.000000000	
179	13.000000000	
180	8.000000000	
181	13.000000000	
182	11.000000000	
183	15.000000000	
184	12.199999809	
185	20.000000000	
186	18.191305161	
187	23.000000000	
188	17.182609558	
189	22.713043213	
190	23.695652008	
191	30.508695602	
192	40.330432892	
193	54.160869598	
194	71.469566345	
195	76.608695984	
196	57.147827148	
197	55.143478394	
198	34.139129639	
199	31.134782791	
200	26.000000000	
201	24.000000000	
202	18.121738434	
203	17.234783173	
204	13.113043785	
205	17.000000000	
206	9.000000000	
207	14.899999619	
208	8.000000000	
209	9.908695221	
210	10.000000000	
211	10.000000000	
212	8.000000000	
213	12.000000000	
214	8.000000000	
215	11.000000000	
216	6.000000000	
217	13.000000000	
218	9.000000000	
219	9.000000000	
220	7.043478489	
221	14.039130211	
222	9.000000000	
223	17.000000000	
224	15.000000000	
225	17.978260040	
226	17.982608795	
227	19.986955643	
228	24.026086807	
229	27.008695602	
230	32.000000000	
231	45.000000000	
232	69.000000000	
233	74.000000000	
234	55.000000000	
235	50.000000000	
236	27.973913193	
237	28.000000000	
238	20.034782410	
239	22.039131165	
240	17.000000000	
241	17.000000000	
242	10.947826385	
243	13.943478584	
244	6.000000000	
245	10.934782982	
246	7.000000000	
247	12.000000000	
248	8.921739578	
249	12.917391777	
250	8.913043022	
251	12.908695221	
252	9.000000000	
253	11.000000000	
254	11.000000000	
255	10.000000000	
256	13.000000000	
257	15.000000000	
258	15.000000000	
259	16.000000000	
260	20.000000000	
261	24.000000000	
262	28.860870361	
263	33.000000000	
264	52.852172852	
265	68.847824097	
266	61.843479156	
267	56.839130402	
268	33.000000000	
269	30.000000000	
270	21.000000000	
271	22.000000000	
272	14.182608604	
273	16.000000000	
274	10.000000000	
275	12.000000000	
276	8.000000000	
277	12.000000000	
278	9.000000000	
279	12.000000000	
280	7.000000000	
281	13.000000000	
282	9.000000000	
283	9.000000000	
284	10.765217781	
285	11.760869980	
286	12.756522179	
287	14.000000000	
288	16.252174377	
289	20.256521225	
290	22.260869980	
291	21.265216827	
292	29.808694839	
293	39.547824860	
294	70.278259277	
295	68.000000000	
296	45.000000000	
297	35.708694458	
298	24.704347610	
299	19.000000000	
300	17.000000000	
301	15.000000000	
302	9.000000000	
303	14.000000000	
304	9.000000000	
305	11.000000000	
306	8.000000000	
307	12.000000000	
308	5.000000000	
309	9.343478203	
310	6.347826004	
311	12.000000000	
312	9.000000000	
313	14.000000000	
314	11.000000000	
315	15.369565010	
316	15.000000000	
317	22.000000000	
318	27.000000000	
319	35.613044739	
320	60.608695984	
321	66.000000000	
322	44.000000000	
323	35.000000000	
324	19.591304779	
325	22.000000000	
326	14.417391777	
327	15.000000000	
328	9.000000000	
329	13.000000000	
330	8.000000000	
331	10.439130783	
332	6.000000000	
333	13.000000000	
334	6.000000000	
335	12.000000000	
336	10.000000000	
337	13.000000000	
338	12.000000000	
339	13.000000000	
340	11.521739006	
341	19.517391205	
342	22.000000000	
343	27.000000000	
344	47.000000000	
345	63.500000000	
346	57.504348755	
347	40.508697510	
348	23.000000000	
349	23.482608795	
350	15.000000000	
351	16.000000000	
352	11.000000000	
353	13.000000000	
354	6.539130211	
355	8.000000000	
356	9.000000000	
357	10.000000000	
358	6.000000000	
359	12.000000000	
360	8.000000000	
361	13.430435181	
362	12.426087379	
363	16.421739578	
364	14.417391777	
365	23.000000000	
366	28.000000000	
367	40.000000000	
368	64.000000000	
369	55.395652771	
370	26.391304016	
371	26.000000000	
372	13.000000000	
373	17.000000000	
374	11.000000000	
375	12.000000000	
376	7.634782791	
377	12.639130592	
378	9.000000000	
379	12.352173805	
380	10.652173996	
381	11.000000000	
382	11.000000000	
383	11.000000000	
384	13.000000000	
385	17.326086044	
386	20.321739197	
387	21.317390442	
388	35.686958313	
389	52.308696747	
390	57.304347992	
391	42.599998474	
392	21.295652390	
393	24.291303635	
394	16.000000000	
395	14.717391014	
396	8.000000000	
397	12.000000000	
398	8.000000000	
399	12.000000000	
400	8.000000000	
401	13.000000000	
402	10.000000000	
403	14.000000000	
404	10.000000000	
405	14.760869980	
406	18.000000000	
407	25.230434418	
408	27.000000000	
409	45.221740723	
410	67.217391968	
411	50.786956787	
412	26.000000000	
413	23.000000000	
414	14.000000000	
415	15.000000000	
416	10.000000000	
417	14.000000000	
418	9.000000000	
419	9.000000000	
420	7.173913002	
421	8.000000000	
422	9.000000000	
423	10.839130402	
424	12.000000000	
425	15.152173996	
426	19.000000000	
427	21.143478394	
428	38.582607269	
429	54.730434418	
430	39.869564056	
431	29.126087189	
432	19.121738434	
433	18.000000000	
434	12.886956215	
435	13.891304016	
436	4.895652294	
437	12.899999619	
438	10.000000000	
439	11.000000000	
440	6.000000000	
441	13.000000000	
442	10.000000000	
443	12.073912621	
444	13.000000000	
445	22.065217972	
446	26.060869217	
447	42.056522369	
448	62.000000000	
449	49.000000000	
450	25.000000000	
451	24.039131165	
452	12.000000000	
453	12.000000000	
454	7.000000000	
455	13.000000000	
456	10.000000000	
457	14.000000000	
458	10.000000000	
459	12.000000000	
460	0.000000000	
