0	13.000000000	
1	13.000000000	
2	12.000000000	
3	11.000000000	
4	11.000000000	
5	12.000000000	
6	13.000000000	
7	13.000000000	
8	11.000000000	
9	15.000000000	
10	12.000000000	
11	15.000000000	
12	10.000000000	
13	16.000000000	
14	13.000000000	
15	14.000000000	
16	12.789473534	
17	13.000000000	
18	13.763157845	
19	14.750000000	
20	15.000000000	
21	15.000000000	
22	14.710526466	
23	14.697368622	
24	14.000000000	
25	14.000000000	
26	15.000000000	
27	15.000000000	
28	16.000000000	
29	16.000000000	
30	16.000000000	
31	16.000000000	
32	13.000000000	
33	14.000000000	
34	16.000000000	
35	16.000000000	
36	16.000000000	
37	16.000000000	
38	17.000000000	
39	19.000000000	
40	16.000000000	
41	17.000000000	
42	17.000000000	
43	17.000000000	
44	17.000000000	
45	18.000000000	
46	18.394737244	
47	18.000000000	
48	19.000000000	
49	19.000000000	
50	18.657894135	
51	19.000000000	
52	19.000000000	
53	20.000000000	
54	20.000000000	
55	21.000000000	
56	21.000000000	
57	24.750000000	
58	25.000000000	
59	26.000000000	
60	30.000000000	
61	33.000000000	
62	35.184211731	
63	38.000000000	
64	40.842105865	
65	42.855262756	
66	45.868419647	
67	48.881580353	
68	49.105262756	
69	48.092105865	
70	45.078948975	
71	43.065788269	
72	39.052631378	
73	41.000000000	
74	33.000000000	
75	34.000000000	
76	29.000000000	
77	30.000000000	
78	23.973684311	
79	25.000000000	
80	19.000000000	
81	20.000000000	
82	20.000000000	
83	19.092105865	
84	18.105262756	
85	18.000000000	
86	18.000000000	
87	19.000000000	
88	17.000000000	
89	19.000000000	
90	15.000000000	
91	19.000000000	
92	13.000000000	
93	17.000000000	
94	13.763157845	
95	15.000000000	
96	13.000000000	
97	12.000000000	
98	11.000000000	
99	11.000000000	
100	12.000000000	
101	12.000000000	
102	12.000000000	
103	11.000000000	
104	9.000000000	
105	10.618420601	
106	9.605262756	
107	9.000000000	
108	11.000000000	
109	11.000000000	
110	10.000000000	
111	11.000000000	
112	10.000000000	
113	10.000000000	
114	10.000000000	
115	10.000000000	
116	10.000000000	
117	10.000000000	
118	11.000000000	
119	11.000000000	
120	8.578947067	
121	12.592104912	
122	10.000000000	
123	14.000000000	
124	9.631579399	
125	15.000000000	
126	12.000000000	
127	13.000000000	
128	16.000000000	
129	16.000000000	
130	16.000000000	
131	16.000000000	
132	17.000000000	
133	17.000000000	
134	18.000000000	
135	18.000000000	
136	17.000000000	
137	20.000000000	
138	23.815790176	
139	27.000000000	
140	33.000000000	
141	40.144737244	
142	46.000000000	
143	48.881580353	
144	45.000000000	
145	42.000000000	
146	32.000000000	
147	30.000000000	
148	21.000000000	
149	24.000000000	
150	19.000000000	
151	19.013158798	
152	16.000000000	
153	16.000000000	
154	15.026315689	
155	15.000000000	
156	14.000000000	
157	13.000000000	
158	12.000000000	
159	11.092104912	
160	10.000000000	
161	10.000000000	
162	10.000000000	
163	10.000000000	
164	10.000000000	
165	10.000000000	
166	11.000000000	
167	12.000000000	
168	9.000000000	
169	9.000000000	
170	10.000000000	
171	10.000000000	
172	11.000000000	
173	10.000000000	
174	10.000000000	
175	10.000000000	
176	11.000000000	
177	12.328947067	
178	13.000000000	
179	13.000000000	
180	14.000000000	
181	16.000000000	
182	16.394737244	
183	16.000000000	
184	15.578947067	
185	19.000000000	
186	18.000000000	
187	23.000000000	
188	29.473684311	
189	36.486843109	
190	47.000000000	
191	48.513156891	
192	38.000000000	
193	36.000000000	
194	25.000000000	
195	24.000000000	
196	18.000000000	
197	19.000000000	
198	14.000000000	
199	17.618421555	
200	14.000000000	
201	15.000000000	
202	11.000000000	
203	14.000000000	
204	9.000000000	
205	13.000000000	
206	9.000000000	
207	11.000000000	
208	8.000000000	
209	9.000000000	
210	10.000000000	
211	11.000000000	
212	11.000000000	
213	11.000000000	
214	11.000000000	
215	12.000000000	
216	8.000000000	
217	10.855262756	
218	11.000000000	
219	12.000000000	
220	15.000000000	
221	15.907895088	
222	15.000000000	
223	17.000000000	
224	17.000000000	
225	20.039474487	
226	23.026315689	
227	32.013156891	
228	46.000000000	
229	47.013156891	
230	38.026317596	
231	32.000000000	
232	20.000000000	
233	20.000000000	
234	18.000000000	
235	18.000000000	
236	17.000000000	
237	15.000000000	
238	13.000000000	
239	12.000000000	
240	10.000000000	
241	11.000000000	
242	11.000000000	
243	11.000000000	
244	11.000000000	
245	10.000000000	
246	9.000000000	
247	9.000000000	
248	9.000000000	
249	10.000000000	
250	11.000000000	
251	12.000000000	
252	12.000000000	
253	14.000000000	
254	16.000000000	
255	17.000000000	
256	16.000000000	
257	18.381578445	
258	19.394737244	
259	24.000000000	
260	36.000000000	
261	44.000000000	
262	42.000000000	
263	37.000000000	
264	23.000000000	
265	20.000000000	
266	18.000000000	
267	16.000000000	
268	16.000000000	
269	15.000000000	
270	12.000000000	
271	10.000000000	
272	10.000000000	
273	10.000000000	
274	10.000000000	
275	10.000000000	
276	10.000000000	
277	11.000000000	
278	11.000000000	
279	12.000000000	
280	9.000000000	
281	11.000000000	
282	12.000000000	
283	13.000000000	
284	16.000000000	
285	17.000000000	
286	16.000000000	
287	18.000000000	
288	20.000000000	
289	31.000000000	
290	44.815788269	
291	45.828948975	
292	26.000000000	
293	25.000000000	
294	16.131578445	
295	17.000000000	
296	14.000000000	
297	14.000000000	
298	12.000000000	
299	10.000000000	
300	11.000000000	
301	9.000000000	
302	8.000000000	
303	9.000000000	
304	10.000000000	
305	10.000000000	
306	10.000000000	
307	10.000000000	
308	10.052631378	
309	12.000000000	
310	13.921052933	
311	15.815789223	
312	14.000000000	
313	16.236841202	
314	18.868421555	
315	23.289474487	
316	40.157894135	
317	45.657894135	
318	31.815790176	
319	26.210525513	
320	15.210526466	
321	15.223684311	
322	15.236842155	
323	13.250000000	
324	12.000000000	
325	10.000000000	
326	9.000000000	
327	8.000000000	
328	10.000000000	
329	9.000000000	
330	9.000000000	
331	10.000000000	
332	11.000000000	
333	11.000000000	
334	13.000000000	
335	15.000000000	
336	12.421052933	
337	15.697368622	
338	16.552631378	
339	19.078947067	
340	33.052631378	
341	41.973682404	
342	34.500000000	
343	28.513158798	
344	16.473684311	
345	17.460525513	
346	13.000000000	
347	16.000000000	
348	9.421052933	
349	13.000000000	
350	9.000000000	
351	10.381579399	
352	10.000000000	
353	10.355262756	
354	10.000000000	
355	10.000000000	
356	10.631579399	
357	12.000000000	
358	12.710526466	
359	14.000000000	
360	13.736842155	
361	15.000000000	
362	22.000000000	
363	30.776315689	
364	42.000000000	
365	36.197368622	
366	19.000000000	
367	17.828947067	
368	15.315789223	
369	16.144737244	
370	10.000000000	
371	13.000000000	
372	8.000000000	
373	12.092104912	
374	9.078947067	
375	10.065789223	
376	8.052631378	
377	10.000000000	
378	11.000000000	
379	11.986842155	
380	13.000000000	
381	15.000000000	
382	16.000000000	
383	15.000000000	
384	26.052631378	
385	39.000000000	
386	36.000000000	
387	29.907894135	
388	16.894737244	
389	18.000000000	
390	13.000000000	
391	14.000000000	
392	10.000000000	
393	10.000000000	
394	10.000000000	
395	10.000000000	
396	10.000000000	
397	10.000000000	
398	11.000000000	
399	11.000000000	
400	12.000000000	
401	13.276315689	
402	12.000000000	
403	17.000000000	
404	23.000000000	
405	34.000000000	
406	43.657894135	
407	35.355262756	
408	16.000000000	
409	19.000000000	
410	14.000000000	
411	15.000000000	
412	8.000000000	
413	12.000000000	
414	9.000000000	
415	10.000000000	
416	8.000000000	
417	9.000000000	
418	11.000000000	
419	12.000000000	
420	13.000000000	
421	14.000000000	
422	16.000000000	
423	17.000000000	
424	27.421052933	
425	41.000000000	
426	28.394737244	
427	23.000000000	
428	16.000000000	
429	16.644737244	
430	12.657895088	
431	12.000000000	
432	10.000000000	
433	10.000000000	
434	10.000000000	
435	9.000000000	
436	10.000000000	
437	12.000000000	
438	12.000000000	
439	12.000000000	
440	14.000000000	
441	17.000000000	
442	20.000000000	
443	29.000000000	
444	39.000000000	
445	31.000000000	
446	17.000000000	
447	15.000000000	
448	15.000000000	
449	14.000000000	
450	8.000000000	
451	12.065789223	
452	8.000000000	
453	11.960526466	
454	8.000000000	
455	11.000000000	
456	0.000000000	
