0	14.000000000	
1	10.000000000	
2	14.000000000	
3	10.000000000	
4	13.000000000	
5	9.000000000	
6	13.000000000	
7	10.000000000	
8	15.000000000	
9	11.000000000	
10	10.000000000	
11	9.000000000	
12	11.000000000	
13	8.000000000	
14	15.000000000	
15	11.000000000	
16	16.000000000	
17	10.000000000	
18	10.000000000	
19	11.627450943	
20	14.000000000	
21	10.000000000	
22	12.431372643	
23	6.450980186	
24	12.000000000	
25	9.000000000	
26	11.000000000	
27	12.000000000	
28	10.000000000	
29	10.000000000	
30	13.000000000	
31	13.000000000	
32	11.000000000	
33	11.000000000	
34	13.000000000	
35	8.000000000	
36	14.000000000	
37	12.000000000	
38	15.254901886	
39	11.235294342	
40	15.215685844	
41	11.000000000	
42	14.000000000	
43	13.000000000	
44	15.000000000	
45	12.000000000	
46	18.000000000	
47	14.000000000	
48	18.000000000	
49	14.000000000	
50	17.000000000	
51	15.000000000	
52	17.000000000	
53	15.000000000	
54	18.000000000	
55	17.000000000	
56	23.000000000	
57	14.117647171	
58	23.000000000	
59	19.000000000	
60	23.000000000	
61	21.803920746	
62	28.784313202	
63	26.764705658	
64	34.000000000	
65	33.000000000	
66	37.000000000	
67	41.686275482	
68	41.666667938	
69	46.000000000	
70	53.000000000	
71	58.607841492	
72	62.588233948	
73	63.000000000	
74	59.549018860	
75	56.000000000	
76	56.490196228	
77	46.509803772	
78	52.588233948	
79	39.098037720	
80	42.568626404	
81	31.411764145	
82	32.784313202	
83	23.000000000	
84	26.000000000	
85	19.000000000	
86	20.000000000	
87	15.000000000	
88	18.000000000	
89	13.745098114	
90	16.000000000	
91	13.000000000	
92	17.000000000	
93	13.000000000	
94	17.000000000	
95	13.000000000	
96	16.000000000	
97	11.000000000	
98	15.000000000	
99	9.000000000	
100	16.039215088	
101	10.019607544	
102	16.000000000	
103	12.019607544	
104	15.039216042	
105	14.000000000	
106	9.921568871	
107	9.000000000	
108	13.000000000	
109	10.000000000	
110	14.000000000	
111	9.000000000	
112	14.000000000	
113	10.000000000	
114	10.000000000	
115	9.254901886	
116	12.000000000	
117	9.000000000	
118	12.000000000	
119	7.333333492	
120	13.000000000	
121	10.000000000	
122	10.392156601	
123	7.000000000	
124	11.000000000	
125	8.000000000	
126	13.000000000	
127	10.000000000	
128	14.000000000	
129	10.000000000	
130	13.000000000	
131	8.000000000	
132	14.000000000	
133	11.000000000	
134	14.627450943	
135	12.000000000	
136	17.000000000	
137	13.313725471	
138	16.294116974	
139	14.000000000	
140	18.000000000	
141	19.000000000	
142	26.215686798	
143	31.196079254	
144	35.000000000	
145	47.000000000	
146	53.000000000	
147	60.000000000	
148	61.000000000	
149	48.000000000	
150	46.058822632	
151	32.000000000	
152	26.000000000	
153	21.000000000	
154	18.000000000	
155	15.000000000	
156	15.000000000	
157	11.000000000	
158	16.000000000	
159	12.000000000	
160	16.000000000	
161	11.000000000	
162	11.000000000	
163	8.000000000	
164	13.000000000	
165	9.000000000	
166	12.000000000	
167	8.000000000	
168	13.000000000	
169	9.000000000	
170	12.000000000	
171	6.352941036	
172	11.000000000	
173	8.000000000	
174	12.411765099	
175	9.000000000	
176	13.000000000	
177	9.000000000	
178	13.000000000	
179	8.000000000	
180	12.000000000	
181	7.000000000	
182	12.000000000	
183	11.000000000	
184	14.000000000	
185	9.000000000	
186	16.000000000	
187	10.000000000	
188	15.372549057	
189	16.823530197	
190	22.176469803	
191	26.490196228	
192	33.529411316	
193	50.137256622	
194	57.823528290	
195	60.176471710	
196	56.156864166	
197	37.137256622	
198	33.000000000	
199	21.000000000	
200	18.000000000	
201	15.000000000	
202	12.000000000	
203	10.019607544	
204	13.000000000	
205	10.000000000	
206	15.000000000	
207	8.000000000	
208	11.000000000	
209	9.000000000	
210	13.000000000	
211	8.000000000	
212	11.000000000	
213	8.000000000	
214	12.000000000	
215	8.000000000	
216	13.235294342	
217	9.254901886	
218	9.274509430	
219	10.000000000	
220	11.000000000	
221	8.000000000	
222	13.647058487	
223	9.627450943	
224	15.000000000	
225	11.000000000	
226	12.431372643	
227	13.000000000	
228	18.000000000	
229	22.000000000	
230	30.509803772	
231	46.529411316	
232	57.000000000	
233	55.000000000	
234	49.000000000	
235	28.392156601	
236	26.000000000	
237	17.000000000	
238	18.000000000	
239	11.000000000	
240	14.294117928	
241	9.000000000	
242	9.000000000	
243	9.000000000	
244	11.000000000	
245	8.000000000	
246	12.000000000	
247	7.000000000	
248	12.000000000	
249	8.117647171	
250	10.098039627	
251	5.000000000	
252	13.000000000	
253	5.000000000	
254	11.000000000	
255	9.000000000	
256	11.000000000	
257	10.000000000	
258	13.000000000	
259	11.921568871	
260	16.901960373	
261	15.882352829	
262	20.137254715	
263	30.156862259	
264	44.176471710	
265	57.196079254	
266	54.215686798	
267	33.000000000	
268	26.000000000	
269	14.000000000	
270	16.000000000	
271	10.000000000	
272	13.000000000	
273	8.000000000	
274	10.000000000	
275	9.607843399	
276	11.588234901	
277	9.000000000	
278	14.000000000	
279	8.000000000	
280	10.490196228	
281	8.000000000	
282	12.000000000	
283	5.450980186	
284	9.000000000	
285	8.000000000	
286	14.000000000	
287	9.000000000	
288	14.352941513	
289	12.333333015	
290	15.686274529	
291	18.294116974	
292	26.000000000	
293	46.254901886	
294	55.764705658	
295	43.784313202	
296	38.607841492	
297	18.000000000	
298	19.000000000	
299	9.137254715	
300	13.000000000	
301	8.000000000	
302	12.000000000	
303	9.000000000	
304	13.039216042	
305	9.019607544	
306	13.000000000	
307	6.000000000	
308	12.000000000	
309	7.058823586	
310	11.000000000	
311	9.000000000	
312	12.000000000	
313	7.000000000	
314	12.000000000	
315	7.823529243	
316	14.803921700	
317	16.784313202	
318	19.764705658	
319	34.745098114	
320	48.725490570	
321	45.705883026	
322	35.686275482	
323	17.666666031	
324	16.647058487	
325	10.627450943	
326	12.607843399	
327	6.588235378	
328	13.000000000	
329	9.549019814	
330	7.529411793	
331	8.490196228	
332	12.000000000	
333	8.529411316	
334	13.000000000	
335	8.431372643	
336	11.000000000	
337	7.392157078	
338	13.000000000	
339	7.647058964	
340	14.000000000	
341	13.686274529	
342	18.705883026	
343	30.000000000	
344	46.745098114	
345	55.764705658	
346	45.784313202	
347	18.196079254	
348	17.000000000	
349	11.000000000	
350	14.862745285	
351	9.882352829	
352	13.000000000	
353	9.000000000	
354	11.000000000	
355	8.960783958	
356	11.980392456	
357	7.000000000	
358	12.000000000	
359	8.039216042	
360	13.000000000	
361	9.000000000	
362	12.000000000	
363	11.764705658	
364	13.549019814	
365	15.784314156	
366	27.176469803	
367	48.980392456	
368	57.352939606	
369	26.941177368	
370	19.764705658	
371	12.450980186	
372	14.000000000	
373	9.000000000	
374	12.000000000	
375	8.000000000	
376	11.000000000	
377	6.607842922	
378	10.176470757	
379	3.568627357	
380	13.450980186	
381	8.470588684	
382	13.509803772	
383	8.980392456	
384	12.000000000	
385	13.000000000	
386	14.568627357	
387	21.823530197	
388	34.784313202	
389	53.745098114	
390	47.000000000	
391	18.666666031	
392	17.686273575	
393	9.000000000	
394	12.274509430	
395	9.254901886	
396	12.235294342	
397	8.784314156	
398	13.803921700	
399	9.176470757	
400	12.843136787	
401	9.725490570	
402	12.000000000	
403	9.196078300	
404	9.313725471	
405	9.235294342	
406	11.039216042	
407	17.980392456	
408	27.000000000	
409	56.980392456	
410	55.921569824	
411	20.000000000	
412	17.000000000	
413	10.000000000	
414	14.000000000	
415	10.000000000	
416	14.000000000	
417	9.000000000	
418	10.000000000	
419	10.000000000	
420	11.000000000	
421	7.000000000	
422	11.000000000	
423	7.000000000	
424	13.000000000	
425	11.333333015	
426	14.352941513	
427	22.372549057	
428	38.392158508	
429	47.000000000	
430	37.000000000	
431	15.000000000	
432	17.470588684	
433	12.000000000	
434	13.000000000	
435	6.470588207	
436	12.450980186	
437	8.000000000	
438	11.411765099	
439	8.607843399	
440	11.627450943	
441	6.647058964	
442	11.666666985	
443	8.000000000	
444	14.000000000	
445	17.000000000	
446	26.745098114	
447	49.764705658	
448	46.000000000	
449	19.000000000	
450	16.176469803	
451	7.000000000	
452	12.000000000	
453	9.000000000	
454	13.000000000	
455	8.000000000	
456	12.000000000	
457	8.000000000	
458	12.000000000	
459	0.000000000	
