0	29.000000000	
1	21.008869171	
2	28.000000000	
3	23.000000000	
4	28.035476685	
5	25.955654144	
6	28.000000000	
7	23.124168396	
8	30.070953369	
9	27.000000000	
10	27.266075134	
11	27.195121765	
12	32.000000000	
13	29.769401550	
14	34.751663208	
15	30.866962433	
16	34.000000000	
17	32.849224091	
18	40.521064758	
19	34.337028503	
20	39.000000000	
21	36.627494812	
22	42.609756470	
23	41.388027191	
24	46.574279785	
25	43.000000000	
26	47.230598450	
27	44.760532379	
28	51.496673584	
29	50.000000000	
30	55.733924866	
31	54.549888611	
32	59.283813477	
33	53.292682648	
34	55.206207275	
35	49.379158020	
36	56.000000000	
37	48.687362671	
38	55.325942993	
39	44.037693024	
40	51.354766846	
41	43.272727966	
42	48.862525940	
43	36.000000000	
44	41.219512939	
45	31.600887299	
46	38.000000000	
47	28.583148956	
48	34.148559570	
49	25.130821228	
50	31.669622421	
51	18.547672272	
52	28.922393799	
53	20.940132141	
54	26.000000000	
55	17.512195587	
56	28.509977341	
57	20.988912582	
58	25.000000000	
59	19.476718903	
60	26.467849731	
61	19.458980560	
62	27.000000000	
63	18.441242218	
64	27.864744186	
65	20.423503876	
66	25.414634705	
67	19.217294693	
68	28.000000000	
69	20.223947525	
70	28.000000000	
71	18.740575790	
72	26.361419678	
73	19.000000000	
74	27.656318665	
75	17.000000000	
76	23.325942993	
77	21.317073822	
78	25.691795349	
79	23.401330948	
80	31.419069290	
81	30.718402863	
82	35.727272034	
83	37.791572571	
84	44.000000000	
85	50.015522003	
86	57.050998688	
87	54.456764221	
88	59.658535004	
89	50.946784973	
90	56.376941681	
91	41.614189148	
92	42.815963745	
93	29.000000000	
94	33.000000000	
95	21.157428741	
96	26.297117233	
97	16.279378891	
98	19.261640549	
99	14.365853310	
100	19.886917114	
101	12.000000000	
102	19.190687180	
103	9.172948837	
104	17.232816696	
105	11.068736076	
106	17.820398331	
107	11.050997734	
108	18.873613358	
109	12.000000000	
110	18.951219559	
111	8.984478951	
112	18.013303757	
113	12.000000000	
114	17.988912582	
115	10.980044365	
116	19.028825760	
117	12.037693977	
118	21.000000000	
119	15.944567680	
120	26.935697556	
121	20.926828384	
122	28.000000000	
123	28.181818008	
124	42.099777222	
125	47.000000000	
126	56.000000000	
127	49.000000000	
128	57.864746094	
129	40.855876923	
130	44.847007751	
131	29.000000000	
132	31.000000000	
133	20.000000000	
134	28.000000000	
135	18.000000000	
136	25.000000000	
137	18.000000000	
138	27.000000000	
139	17.232816696	
140	24.758314133	
141	22.248336792	
142	23.740575790	
143	17.268293381	
144	18.277162552	
145	17.000000000	
146	27.410200119	
147	22.696229935	
148	29.000000000	
149	36.321506500	
150	48.330375671	
151	53.339244843	
152	61.000000000	
153	45.356983185	
154	42.365852356	
155	29.000000000	
156	27.000000000	
157	15.000000000	
158	22.000000000	
159	12.000000000	
160	21.000000000	
161	13.000000000	
162	16.000000000	
163	10.554324150	
164	17.545454025	
165	11.536585808	
166	20.000000000	
167	10.000000000	
168	17.000000000	
169	10.000000000	
170	16.507761002	
171	12.483369827	
172	20.000000000	
173	17.465631485	
174	25.000000000	
175	31.000000000	
176	45.560974121	
177	49.569843292	
178	59.578712463	
179	40.762748718	
180	44.596450806	
181	26.394678116	
182	30.385808945	
183	18.623060226	
184	21.631929398	
185	16.640798569	
186	22.700664520	
187	19.341463089	
188	23.332593918	
189	15.000000000	
190	24.000000000	
191	15.000000000	
192	24.297117233	
193	23.000000000	
194	35.000000000	
195	46.458980560	
196	61.738357544	
197	51.000000000	
198	51.243904114	
199	25.235033035	
200	28.452327728	
201	13.000000000	
202	20.000000000	
203	10.199556351	
204	15.190687180	
205	10.000000000	
206	12.827051163	
207	10.835920334	
208	14.844789505	
209	11.146341324	
210	18.137472153	
211	9.128602982	
212	18.359201431	
213	16.221729279	
214	27.000000000	
215	30.906873703	
216	46.000000000	
217	54.924610138	
218	56.800441742	
219	32.057651520	
220	33.000000000	
221	18.000000000	
222	22.000000000	
223	21.000000000	
224	22.013303757	
225	19.000000000	
226	21.000000000	
227	16.986696243	
228	22.977827072	
229	19.000000000	
230	26.000000000	
231	34.048782349	
232	52.000000000	
233	49.933479309	
234	46.924610138	
235	24.000000000	
236	26.000000000	
237	14.000000000	
238	18.889135361	
239	8.000000000	
240	16.871397018	
241	10.000000000	
242	16.853658676	
243	8.844789505	
244	16.000000000	
245	11.000000000	
246	19.181818008	
247	19.000000000	
248	26.199556351	
249	36.208427429	
250	46.217296600	
251	51.226165771	
252	51.000000000	
253	25.000000000	
254	28.747228622	
255	21.000000000	
256	25.270509720	
257	19.279378891	
258	27.000000000	
259	14.297117233	
260	22.000000000	
261	19.000000000	
262	28.676275253	
263	40.000000000	
264	54.000000000	
265	45.000000000	
266	40.000000000	
267	18.000000000	
268	18.623060226	
269	13.000000000	
270	16.605321884	
271	11.000000000	
272	12.000000000	
273	9.000000000	
274	16.000000000	
275	8.000000000	
276	18.000000000	
277	16.543237686	
278	25.534368515	
279	36.525497437	
280	53.000000000	
281	45.000000000	
282	38.501110077	
283	21.509977341	
284	24.000000000	
285	15.527716637	
286	26.000000000	
287	18.000000000	
288	25.000000000	
289	16.563192368	
290	22.572061539	
291	30.000000000	
292	48.000000000	
293	49.598670959	
294	46.000000000	
295	16.383592606	
296	18.749444962	
297	13.365853310	
298	17.000000000	
299	6.000000000	
300	15.000000000	
301	9.330376625	
302	18.321508408	
303	10.312638283	
304	19.303770065	
305	17.294900894	
306	31.286031723	
307	48.277160645	
308	49.268291473	
309	25.259424210	
310	26.000000000	
311	16.000000000	
312	23.000000000	
313	18.000000000	
314	22.000000000	
315	14.000000000	
316	22.197340012	
317	30.000000000	
318	50.179599762	
319	44.170730591	
320	41.161861420	
321	15.152993202	
322	19.000000000	
323	11.000000000	
324	15.000000000	
325	10.000000000	
326	14.891352654	
327	12.900221825	
328	17.818181992	
329	15.000000000	
330	23.073171616	
331	33.935699463	
332	51.889133453	
333	34.906871796	
334	29.962305069	
335	16.971174240	
336	22.000000000	
337	17.988912582	
338	25.995565414	
339	13.000000000	
340	23.000000000	
341	25.000000000	
342	47.033260345	
343	44.042129517	
344	39.000000000	
345	15.059866905	
346	18.000000000	
347	11.000000000	
348	15.000000000	
349	10.000000000	
350	14.000000000	
351	12.000000000	
352	17.121952057	
353	19.130821228	
354	32.139690399	
355	47.702880859	
356	48.842571259	
357	22.833702087	
358	23.000000000	
359	17.000000000	
360	23.192905426	
361	16.000000000	
362	19.000000000	
363	20.439023972	
364	35.000000000	
365	49.762748718	
366	46.000000000	
367	14.745011330	
368	22.000000000	
369	12.000000000	
370	17.000000000	
371	8.290465355	
372	16.299335480	
373	12.000000000	
374	19.000000000	
375	20.000000000	
376	35.665187836	
377	42.656318665	
378	38.647449493	
379	18.638580322	
380	21.629711151	
381	18.241685867	
382	21.611972809	
383	16.000000000	
384	23.000000000	
385	32.829269409	
386	51.847007751	
387	31.000000000	
388	31.000000000	
389	11.549889565	
390	18.541019440	
391	10.000000000	
392	16.000000000	
393	12.485587120	
394	16.000000000	
395	12.503326416	
396	26.000000000	
397	45.000000000	
398	55.000000000	
399	23.461196899	
400	23.000000000	
401	17.000000000	
402	24.000000000	
403	13.000000000	
404	24.583148956	
405	32.000000000	
406	52.000000000	
407	37.000000000	
408	31.000000000	
409	13.000000000	
410	14.363636017	
411	10.645233154	
412	16.000000000	
413	9.000000000	
414	18.328159332	
415	15.000000000	
416	31.000000000	
417	47.000000000	
418	42.000000000	
419	19.000000000	
420	24.000000000	
421	17.000000000	
422	26.000000000	
423	16.000000000	
424	24.760532379	
425	44.000000000	
426	48.778270721	
427	16.000000000	
428	21.203990936	
429	8.195121765	
430	18.186252594	
431	10.000000000	
432	17.000000000	
433	15.159645081	
434	21.150775909	
435	34.141906738	
436	49.733924866	
437	27.751663208	
438	23.000000000	
439	15.106430054	
440	24.000000000	
441	18.000000000	
442	22.079822540	
443	38.929046631	
444	54.937915802	
445	23.000000000	
446	23.955654144	
447	9.964523315	
448	19.000000000	
449	12.000000000	
450	17.000000000	
451	0.000000000	
