0	13.000000000	
1	15.157205582	
2	15.000000000	
3	19.882095337	
4	16.842794418	
5	20.000000000	
6	15.000000000	
7	18.724891663	
8	15.000000000	
9	21.000000000	
10	13.786026001	
11	17.864629745	
12	13.943231583	
13	18.021833420	
14	15.650654793	
15	21.179039001	
16	16.886463165	
17	18.004365921	
18	16.122270584	
19	19.986900330	
20	16.358078003	
21	21.301309586	
22	18.458515167	
23	22.711790085	
24	18.772926331	
25	21.930131912	
26	15.912663460	
27	22.694322586	
28	19.497816086	
29	21.441047668	
30	18.104803085	
31	24.126638412	
32	19.969432831	
33	21.812227249	
34	19.663755417	
35	23.000000000	
36	20.585153580	
37	24.545850754	
38	20.506549835	
39	26.000000000	
40	22.427947998	
41	23.388647079	
42	19.000000000	
43	27.000000000	
44	21.000000000	
45	29.000000000	
46	19.807859421	
47	29.000000000	
48	22.000000000	
49	28.000000000	
50	19.174673080	
51	27.017467499	
52	24.174673080	
53	27.331878662	
54	24.489082336	
55	28.646287918	
56	25.803493500	
57	32.960697174	
58	27.441047668	
59	32.362445831	
60	29.641921997	
61	34.602619171	
62	34.563320160	
63	43.524017334	
64	43.484714508	
65	49.000000000	
66	51.563320160	
67	59.165939331	
68	64.362442017	
69	73.982536316	
70	73.257644653	
71	83.951965332	
72	82.489082336	
73	81.475982666	
74	76.183403015	
75	74.052398682	
76	65.986900330	
77	67.000000000	
78	57.934497833	
79	56.790393829	
80	44.855895996	
81	40.183406830	
82	33.554584503	
83	40.213973999	
84	32.096069336	
85	36.637554169	
86	31.480348587	
87	32.323143005	
88	30.624454498	
89	30.506549835	
90	24.537117004	
91	28.152837753	
92	23.615720749	
93	26.000000000	
94	21.000000000	
95	24.000000000	
96	19.000000000	
97	22.812227249	
98	14.445414543	
99	18.327510834	
100	14.209607124	
101	17.091703415	
102	13.017467499	
103	17.096069336	
104	13.174672127	
105	17.126638412	
106	10.000000000	
107	15.000000000	
108	9.755458832	
109	13.716156960	
110	14.000000000	
111	16.637554169	
112	10.401746750	
113	17.441047668	
114	8.480349541	
115	15.039300919	
116	12.558952332	
117	15.196506500	
118	11.275109291	
119	16.676855087	
120	13.432314873	
121	15.510916710	
122	14.589519501	
123	18.834060669	
124	14.873362541	
125	18.000000000	
126	14.048034668	
127	19.008733749	
128	13.969431877	
129	16.000000000	
130	17.781660080	
131	23.000000000	
132	19.812227249	
133	25.091703415	
134	23.467248917	
135	27.694322586	
136	24.000000000	
137	29.847162247	
138	24.882095337	
139	31.462882996	
140	33.497817993	
141	35.375545502	
142	41.096069336	
143	52.379913330	
144	68.956329346	
145	76.000000000	
146	75.213973999	
147	76.331878662	
148	62.366813660	
149	59.576419830	
150	39.895195007	
151	43.803493500	
152	32.000000000	
153	30.026201248	
154	29.052402496	
155	29.183406830	
156	21.262008667	
157	24.340610504	
158	21.209606171	
159	24.248908997	
160	17.288209915	
161	17.655021667	
162	13.000000000	
163	15.000000000	
164	11.445414543	
165	16.484716415	
166	12.000000000	
167	16.000000000	
168	12.000000000	
169	13.641921043	
170	12.362445831	
171	16.441047668	
172	11.279476166	
173	13.397379875	
174	10.515283585	
175	16.633188248	
176	13.834060669	
177	16.912664413	
178	11.991266251	
179	17.895196915	
180	15.851528168	
181	20.772926331	
182	17.541484833	
183	22.423580170	
184	19.537117004	
185	24.458515167	
186	21.310043335	
187	28.000000000	
188	29.000000000	
189	32.427947998	
190	36.934497833	
191	47.013099670	
192	68.091705322	
193	80.585151672	
194	78.000000000	
195	74.663757324	
196	48.703056335	
197	46.742359161	
198	30.781660080	
199	32.000000000	
200	27.000000000	
201	31.000000000	
202	17.000000000	
203	23.000000000	
204	14.982532501	
205	18.943231583	
206	12.000000000	
207	13.000000000	
208	13.825327873	
209	16.786026001	
210	10.000000000	
211	14.707423210	
212	11.000000000	
213	16.000000000	
214	13.000000000	
215	18.000000000	
216	12.000000000	
217	13.000000000	
218	12.270742416	
219	16.427947998	
220	15.585152626	
221	20.742357254	
222	16.899562836	
223	24.056768417	
224	23.213973999	
225	27.213973999	
226	25.528385162	
227	32.764190674	
228	34.842796326	
229	44.000000000	
230	67.842796326	
231	79.606987000	
232	73.410476685	
233	66.213973999	
234	35.803493500	
235	38.000000000	
236	24.275108337	
237	30.000000000	
238	20.000000000	
239	25.000000000	
240	13.000000000	
241	18.471614838	
242	10.445414543	
243	15.248908043	
244	12.052401543	
245	15.855895042	
246	11.327510834	
247	14.170305252	
248	9.266375542	
249	12.855895042	
250	9.873362541	
251	12.812227249	
252	9.576418877	
253	15.227074623	
254	11.069869041	
255	15.087336540	
256	14.244541168	
257	21.502183914	
258	22.720523834	
259	30.000000000	
260	28.781660080	
261	34.484714508	
262	50.000000000	
263	67.663757324	
264	78.624450684	
265	74.585151672	
266	42.545852661	
267	38.506549835	
268	26.467248917	
269	27.427947998	
270	21.777292252	
271	21.698690414	
272	15.310043335	
273	18.270742416	
274	10.074235916	
275	15.231441498	
276	12.541484833	
277	16.659389496	
278	12.777292252	
279	16.860261917	
280	12.986899376	
281	16.912664413	
282	12.000000000	
283	16.000000000	
284	11.000000000	
285	17.000000000	
286	18.000000000	
287	23.000000000	
288	20.318777084	
289	27.358078003	
290	27.602619171	
291	41.436679840	
292	65.951965332	
293	78.030570984	
294	50.445415497	
295	46.406112671	
296	25.366811752	
297	28.000000000	
298	19.864629745	
299	23.746725082	
300	14.419214249	
301	19.510917664	
302	7.393013000	
303	16.275108337	
304	11.104803085	
305	14.039300919	
306	9.052401543	
307	13.196506500	
308	11.209607124	
309	15.288209915	
310	12.366811752	
311	16.445415497	
312	13.524017334	
313	18.602619171	
314	17.340610504	
315	22.379913330	
316	22.419214249	
317	33.917030334	
318	51.995632172	
319	69.074234009	
320	53.152839661	
321	46.231441498	
322	25.344978333	
323	27.000000000	
324	20.000000000	
325	21.772926331	
326	15.000000000	
327	16.000000000	
328	11.000000000	
329	15.000000000	
330	7.969432354	
331	14.982532501	
332	9.000000000	
333	16.650655746	
334	11.620087624	
335	13.000000000	
336	14.179039001	
337	19.266376495	
338	14.716156960	
339	26.384279251	
340	23.000000000	
341	29.598253250	
342	40.676856995	
343	63.519649506	
344	62.401744843	
345	51.323143005	
346	27.000000000	
347	26.724891663	
348	19.969432831	
349	20.135370255	
350	12.489083290	
351	15.205240250	
352	11.165939331	
353	13.000000000	
354	10.087336540	
355	13.096070290	
356	11.000000000	
357	15.000000000	
358	10.000000000	
359	15.000000000	
360	15.000000000	
361	20.000000000	
362	15.135371208	
363	27.065502167	
364	28.611352921	
365	46.689956665	
366	70.768562317	
367	68.270744324	
368	30.851528168	
369	28.510917664	
370	17.917030334	
371	22.838428497	
372	13.379912376	
373	18.340610504	
374	9.000000000	
375	18.737991333	
376	10.777292252	
377	15.633188248	
378	10.711790085	
379	14.790392876	
380	11.934497833	
381	16.973798752	
382	15.960699081	
383	21.895196915	
384	21.724891663	
385	27.606987000	
386	30.659389496	
387	53.790393829	
388	58.004367828	
389	52.847160339	
390	24.017467499	
391	27.532751083	
392	19.375545502	
393	18.663755417	
394	12.484716415	
395	14.524017334	
396	8.000000000	
397	12.602620125	
398	12.000000000	
399	16.681222916	
400	12.720523834	
401	18.759824753	
402	9.803493500	
403	15.646287918	
404	17.489082336	
405	23.414846420	
406	26.174673080	
407	44.017467499	
408	69.104804993	
409	59.074234009	
410	27.340610504	
411	27.458515167	
412	17.576419830	
413	17.925764084	
414	13.082969666	
415	16.240175247	
416	11.048034668	
417	13.554585457	
418	9.283843040	
419	14.401746750	
420	12.026201248	
421	18.183406830	
422	15.755458832	
423	22.497816086	
424	20.655021667	
425	26.812227249	
426	36.484714508	
427	61.218341827	
428	53.358078003	
429	40.279476166	
430	19.100437164	
431	26.061136246	
432	16.000000000	
433	16.982532501	
434	10.772925377	
435	14.615720749	
436	12.458515167	
437	17.126638412	
438	13.144104958	
439	16.986900330	
440	12.829694748	
441	15.672489166	
442	18.144104004	
443	26.947597504	
444	26.751091003	
445	41.532752991	
446	64.886459351	
447	52.593887329	
448	25.358078003	
449	22.414846420	
450	15.257641792	
451	16.100437164	
452	9.943231583	
453	13.982532501	
454	10.628821373	
455	13.471615791	
456	8.314410210	
457	11.157205582	
458	0.000000000	
