0	12.000000000	
1	8.000000000	
2	11.000000000	
3	3.183006525	
4	10.183006287	
5	7.305010796	
6	11.366013527	
7	7.427015305	
8	11.488017082	
9	7.411764622	
10	9.610021591	
11	8.000000000	
12	10.000000000	
13	6.000000000	
14	12.000000000	
15	9.000000000	
16	12.000000000	
17	8.000000000	
18	12.000000000	
19	4.869280815	
20	9.915032387	
21	6.281045914	
22	10.006535530	
23	7.052287579	
24	11.098039627	
25	6.143790722	
26	7.793028355	
27	8.647058487	
28	10.708061218	
29	7.326797485	
30	12.830065727	
31	8.891067505	
32	13.464052200	
33	9.509803772	
34	11.074073792	
35	8.466231346	
36	12.450980186	
37	9.435729980	
38	13.420479774	
39	9.405228615	
40	13.389978409	
41	9.374727249	
42	14.000000000	
43	6.934640408	
44	15.355119705	
45	12.431372643	
46	15.806099892	
47	13.150326729	
48	17.196079254	
49	13.241829872	
50	17.525054932	
51	12.111110687	
52	18.172113419	
53	16.233116150	
54	21.294116974	
55	16.355119705	
56	20.416122437	
57	16.607843399	
58	21.653594971	
59	19.200435638	
60	26.915033340	
61	26.930282593	
62	25.000000000	
63	30.000000000	
64	33.976036072	
65	36.000000000	
66	40.013072968	
67	38.978214264	
68	46.000000000	
69	49.947711945	
70	58.864925385	
71	57.917209625	
72	64.196075439	
73	59.339870453	
74	58.385620117	
75	53.424835205	
76	55.204792023	
77	45.128540039	
78	53.052288055	
79	41.771240234	
80	42.679737091	
81	27.823530197	
82	30.747276306	
83	22.936819077	
84	25.156862259	
85	19.111110687	
86	21.065359116	
87	16.019607544	
88	18.631807327	
89	13.570806503	
90	16.509803772	
91	9.061001778	
92	13.984749794	
93	10.908496857	
94	13.832243919	
95	7.204792976	
96	11.679738998	
97	9.082788467	
98	11.527233124	
99	11.509803772	
100	14.000000000	
101	8.000000000	
102	11.000000000	
103	8.000000000	
104	11.000000000	
105	6.000000000	
106	9.000000000	
107	4.736383438	
108	9.705882072	
109	6.013072014	
110	9.644880295	
111	6.614378929	
112	10.583877563	
113	5.553376675	
114	7.522875786	
115	8.507625580	
116	12.307189941	
117	8.568627357	
118	12.599128723	
119	8.629630089	
120	12.490196228	
121	6.690631866	
122	9.581699371	
123	3.496731997	
124	7.435729980	
125	5.468409538	
126	9.392156601	
127	4.315904140	
128	10.191720963	
129	6.163398743	
130	7.087145805	
131	7.000000000	
132	12.000000000	
133	8.000000000	
134	11.000000000	
135	9.000000000	
136	15.000000000	
137	13.000000000	
138	17.000000000	
139	13.880174637	
140	20.729846954	
141	21.549018860	
142	29.668846130	
143	31.638343811	
144	42.803920746	
145	47.788669586	
146	57.546840668	
147	51.967319489	
148	53.771240234	
149	38.816993713	
150	41.862743378	
151	27.908496857	
152	27.954248428	
153	14.000000000	
154	20.045751572	
155	8.091503143	
156	14.137254715	
157	6.577342033	
158	14.228757858	
159	5.699346542	
160	14.200435638	
161	4.821350574	
162	7.882352829	
163	9.000000000	
164	12.000000000	
165	7.000000000	
166	10.000000000	
167	6.000000000	
168	10.000000000	
169	7.000000000	
170	12.000000000	
171	3.823529482	
172	10.492374420	
173	7.553376675	
174	9.614378929	
175	4.675381184	
176	10.736383438	
177	7.797385693	
178	10.858387947	
179	4.270152569	
180	10.000000000	
181	6.000000000	
182	9.000000000	
183	6.000000000	
184	12.000000000	
185	9.000000000	
186	12.163398743	
187	11.296296120	
188	16.132898331	
189	18.117647171	
190	20.000000000	
191	28.000000000	
192	40.071895599	
193	54.056644440	
194	65.041397095	
195	57.052288055	
196	55.010894775	
197	30.991285324	
198	30.960784912	
199	16.930282593	
200	18.899782181	
201	10.934640884	
202	11.919389725	
203	6.808279037	
204	11.777777672	
205	7.747276783	
206	10.575163841	
207	6.686274529	
208	11.483659744	
209	7.625272274	
210	10.392156601	
211	9.346405029	
212	9.300653458	
213	5.254901886	
214	11.209150314	
215	6.163398743	
216	11.117647171	
217	8.071895599	
218	12.026144028	
219	3.660130739	
220	8.000000000	
221	5.000000000	
222	8.000000000	
223	6.000000000	
224	12.000000000	
225	9.000000000	
226	12.446622849	
227	13.923747063	
228	16.000000000	
229	23.507625580	
230	31.492374420	
231	48.477123260	
232	60.538127899	
233	52.553375244	
234	46.568626404	
235	23.832244873	
236	24.202613831	
237	11.771242142	
238	15.111110687	
239	10.065359116	
240	10.019607544	
241	7.973855972	
242	8.928104401	
243	6.588235378	
244	10.836601257	
245	3.790849686	
246	9.745098114	
247	5.699346542	
248	8.653594971	
249	8.405228615	
250	6.374727726	
251	3.344226599	
252	9.470588684	
253	6.424836636	
254	9.379084587	
255	4.444444656	
256	10.287581444	
257	7.241829872	
258	9.196078300	
259	9.050108910	
260	15.069716454	
261	15.058823586	
262	25.013071060	
263	33.010894775	
264	52.026142120	
265	53.082790375	
266	51.169933319	
267	27.000000000	
268	26.000000000	
269	11.000000000	
270	16.000000000	
271	7.000000000	
272	14.148148537	
273	6.163398743	
274	12.000000000	
275	1.387799621	
276	9.418300629	
277	2.448801756	
278	10.479302406	
279	3.509804010	
280	11.270152092	
281	2.570806026	
282	10.601306915	
283	4.000000000	
284	10.000000000	
285	7.000000000	
286	9.361656189	
287	5.376906395	
288	12.000000000	
289	10.000000000	
290	15.000000000	
291	20.437908173	
292	31.359477997	
293	53.405227661	
294	56.450981140	
295	36.498908997	
296	31.000000000	
297	13.529411316	
298	14.089324951	
299	8.239651680	
300	11.300653458	
301	6.361655712	
302	9.422657967	
303	5.483660221	
304	10.544662476	
305	7.257080555	
306	10.666666985	
307	3.363834381	
308	9.697167397	
309	6.424836636	
310	8.455337524	
311	4.485838890	
312	11.516340256	
313	8.546840668	
314	11.577342033	
315	7.000000000	
316	12.000000000	
317	12.668845177	
318	22.699346542	
319	40.864925385	
320	58.000000000	
321	40.895423889	
322	33.821350098	
323	15.851851463	
324	13.882352829	
325	6.912854195	
326	11.943355560	
327	7.973855972	
328	11.995642662	
329	6.965141773	
330	6.967320442	
331	2.000000000	
332	6.000000000	
333	4.000000000	
334	8.906317711	
335	5.891067505	
336	10.875817299	
337	6.860566616	
338	10.000000000	
339	8.830065727	
340	13.814814568	
341	12.799564362	
342	21.705883026	
343	32.538127899	
344	51.492374420	
345	46.692810059	
346	41.169933319	
347	15.416122437	
348	14.385621071	
349	8.355119705	
350	12.662309647	
351	8.000000000	
352	12.368191719	
353	6.616557598	
354	6.202614307	
355	10.172113419	
356	10.000000000	
357	5.555555344	
358	11.080610275	
359	7.000000000	
360	10.509803772	
361	7.989106655	
362	13.520697594	
363	5.464052200	
364	14.102396965	
365	16.867101669	
366	31.418300629	
367	50.209152222	
368	51.938999176	
369	20.745098114	
370	20.786493301	
371	5.684095860	
372	9.653594971	
373	6.311546803	
374	9.296296120	
375	4.562091351	
376	8.531590462	
377	5.250544548	
378	10.235294342	
379	2.220043659	
380	7.614378929	
381	4.810457706	
382	9.348584175	
383	7.159041405	
384	12.856208801	
385	9.385621071	
386	12.113289833	
387	24.196079254	
388	40.000000000	
389	46.864925385	
390	37.313724518	
391	15.037036896	
392	16.043573380	
393	8.000000000	
394	11.000000000	
395	3.000000000	
396	10.039216042	
397	6.054466248	
398	9.000000000	
399	6.000000000	
400	10.000000000	
401	6.115468502	
402	12.000000000	
403	4.145969391	
404	9.322440147	
405	7.352941036	
406	14.191720963	
407	19.413944244	
408	33.444442749	
409	54.237472534	
410	46.252723694	
411	16.267972946	
412	15.566449165	
413	6.596950054	
414	8.627450943	
415	5.657951832	
416	10.688452721	
417	6.359477043	
418	8.749455452	
419	7.000000000	
420	10.000000000	
421	6.000000000	
422	10.435729980	
423	7.450980186	
424	12.000000000	
425	10.481481552	
426	17.000000000	
427	23.023965836	
428	45.054466248	
429	41.084968567	
430	33.115467072	
431	9.718954086	
432	14.176470757	
433	7.206971645	
434	13.618736267	
435	3.000000000	
436	11.000000000	
437	4.335512161	
438	9.320261002	
439	7.000000000	
440	10.289760590	
441	9.000000000	
442	8.000000000	
443	8.755990982	
444	11.771242142	
445	15.786492348	
446	28.801742554	
447	51.000000000	
448	43.000000000	
449	17.000000000	
450	19.000000000	
451	5.755991459	
452	12.786492348	
453	7.816993237	
454	9.847494125	
455	6.816993237	
456	10.908496857	
457	7.908496857	
458	12.969498634	
459	0.000000000	
