0	10.000000000	
1	9.021882057	
2	12.000000000	
3	8.934354782	
4	13.000000000	
5	8.109409332	
6	14.131291389	
7	11.000000000	
8	11.649890900	
9	11.000000000	
10	12.218818665	
11	8.759300232	
12	12.737418175	
13	8.000000000	
14	14.306345940	
15	11.000000000	
16	10.350109100	
17	8.743982315	
18	13.212253571	
19	9.752735138	
20	13.687089920	
21	11.080963135	
22	15.000000000	
23	10.503282547	
24	13.949671745	
25	10.094092369	
26	12.137855530	
27	9.000000000	
28	15.000000000	
29	11.000000000	
30	16.000000000	
31	11.678337097	
32	12.700219154	
33	13.277899742	
34	16.743982315	
35	13.765864372	
36	19.000000000	
37	15.000000000	
38	19.168489456	
39	14.146608353	
40	16.875272751	
41	16.308534622	
42	20.080963135	
43	22.704595566	
44	22.074398041	
45	20.969366074	
46	23.000000000	
47	26.000000000	
48	27.050327301	
49	32.000000000	
50	31.000000000	
51	34.115974426	
52	40.000000000	
53	41.840263367	
54	42.818382263	
55	43.000000000	
56	41.225383759	
57	43.000000000	
58	45.269145966	
59	41.708972931	
60	43.687088013	
61	37.665206909	
62	41.643325806	
63	36.621444702	
64	36.400436401	
65	30.000000000	
66	32.444202423	
67	29.000000000	
68	34.000000000	
69	30.000000000	
70	31.000000000	
71	26.000000000	
72	29.575492859	
73	24.597373962	
74	32.619255066	
75	30.641138077	
76	35.326038361	
77	35.000000000	
78	42.000000000	
79	39.271335602	
80	45.000000000	
81	40.000000000	
82	43.205688477	
83	39.183807373	
84	40.161926270	
85	32.000000000	
86	33.881839752	
87	24.903720856	
88	21.000000000	
89	18.052516937	
90	19.030633926	
91	15.008752823	
92	17.986871719	
93	11.035011292	
94	15.056892395	
95	11.078774452	
96	13.000000000	
97	11.000000000	
98	14.000000000	
99	10.000000000	
100	15.000000000	
101	11.000000000	
102	14.000000000	
103	9.000000000	
104	14.000000000	
105	5.297593117	
106	11.319475174	
107	8.000000000	
108	11.000000000	
109	8.000000000	
110	14.000000000	
111	9.000000000	
112	9.549234390	
113	8.000000000	
114	12.000000000	
115	8.000000000	
116	11.000000000	
117	8.000000000	
118	13.000000000	
119	8.000000000	
120	11.000000000	
121	6.647702217	
122	9.000000000	
123	7.000000000	
124	12.286651611	
125	9.000000000	
126	15.000000000	
127	11.000000000	
128	10.398249626	
129	10.000000000	
130	13.155361176	
131	11.000000000	
132	15.000000000	
133	18.000000000	
134	19.067832947	
135	27.045951843	
136	28.000000000	
137	38.000000000	
138	43.000000000	
139	42.000000000	
140	45.000000000	
141	36.000000000	
142	36.000000000	
143	28.870897293	
144	27.000000000	
145	24.827133179	
146	29.000000000	
147	30.000000000	
148	32.238510132	
149	40.260395050	
150	43.282276154	
151	41.000000000	
152	42.673961639	
153	28.652078629	
154	29.000000000	
155	14.000000000	
156	16.000000000	
157	13.000000000	
158	15.000000000	
159	11.000000000	
160	7.501093864	
161	9.000000000	
162	12.000000000	
163	5.000000000	
164	11.000000000	
165	6.000000000	
166	9.000000000	
167	8.654267311	
168	8.000000000	
169	8.000000000	
170	11.000000000	
171	6.258205891	
172	10.236324310	
173	5.214441776	
174	9.000000000	
175	6.000000000	
176	12.000000000	
177	6.000000000	
178	9.894967079	
179	8.000000000	
180	14.000000000	
181	11.000000000	
182	16.017505646	
183	14.000000000	
184	17.000000000	
185	22.000000000	
186	31.000000000	
187	41.091903687	
188	47.000000000	
189	40.000000000	
190	41.000000000	
191	28.820568085	
192	29.000000000	
193	24.223194122	
194	28.490152359	
195	34.533916473	
196	43.711158752	
197	42.378555298	
198	42.667396545	
199	25.000000000	
200	22.623632431	
201	12.000000000	
202	10.420131683	
203	8.442012787	
204	11.463894844	
205	8.485776901	
206	12.000000000	
207	3.529540539	
208	10.000000000	
209	4.000000000	
210	9.000000000	
211	6.000000000	
212	10.638949394	
213	7.339168549	
214	12.000000000	
215	7.000000000	
216	8.000000000	
217	10.000000000	
218	9.000000000	
219	9.000000000	
220	10.000000000	
221	11.000000000	
222	12.000000000	
223	15.879650116	
224	19.000000000	
225	29.076585770	
226	38.000000000	
227	44.000000000	
228	42.000000000	
229	27.000000000	
230	29.000000000	
231	24.054704666	
232	32.153171539	
233	35.196937561	
234	44.240699768	
235	36.142230988	
236	28.000000000	
237	16.814004898	
238	16.792121887	
239	8.540481567	
240	8.496717453	
241	9.000000000	
242	11.000000000	
243	7.000000000	
244	12.000000000	
245	7.000000000	
246	11.000000000	
247	7.000000000	
248	9.000000000	
249	4.000000000	
250	10.000000000	
251	7.492341518	
252	11.514223099	
253	8.000000000	
254	14.000000000	
255	10.420131683	
256	14.000000000	
257	18.000000000	
258	26.354486465	
259	38.332603455	
260	45.000000000	
261	33.711158752	
262	33.733039856	
263	24.000000000	
264	26.223194122	
265	35.798686981	
266	44.000000000	
267	32.842449188	
268	26.000000000	
269	12.886214256	
270	12.000000000	
271	11.000000000	
272	10.000000000	
273	4.000000000	
274	8.995623589	
275	5.017505646	
276	10.000000000	
277	6.000000000	
278	9.916849136	
279	6.894967079	
280	11.000000000	
281	7.148796558	
282	11.000000000	
283	9.000000000	
284	13.214442253	
285	9.000000000	
286	17.000000000	
287	20.280088425	
288	28.301969528	
289	42.000000000	
290	41.000000000	
291	27.000000000	
292	29.000000000	
293	25.411378860	
294	35.433261871	
295	38.455142975	
296	33.522975922	
297	17.000000000	
298	15.000000000	
299	9.000000000	
300	13.000000000	
301	6.586433411	
302	9.000000000	
303	6.000000000	
304	10.652078629	
305	3.673960686	
306	8.000000000	
307	7.000000000	
308	11.260394096	
309	7.238512039	
310	13.000000000	
311	9.805252075	
312	10.827133179	
313	15.150984764	
314	19.000000000	
315	35.000000000	
316	45.000000000	
317	28.936542511	
318	29.958423615	
319	25.980306625	
320	28.000000000	
321	40.024070740	
322	33.045951843	
323	18.000000000	
324	14.089715958	
325	7.000000000	
326	12.866520882	
327	8.844638824	
328	10.822756767	
329	4.000000000	
330	9.000000000	
331	5.000000000	
332	9.000000000	
333	6.000000000	
334	12.000000000	
335	7.000000000	
336	9.000000000	
337	11.374179840	
338	15.000000000	
339	29.000000000	
340	35.439823151	
341	34.538291931	
342	30.000000000	
343	24.000000000	
344	27.527351379	
345	41.450767517	
346	40.428882599	
347	14.407002449	
348	16.000000000	
349	6.000000000	
350	12.000000000	
351	6.000000000	
352	9.702406883	
353	7.000000000	
354	11.000000000	
355	7.000000000	
356	12.000000000	
357	8.811816216	
358	12.000000000	
359	9.000000000	
360	15.000000000	
361	12.000000000	
362	23.921224594	
363	38.000000000	
364	40.964988708	
365	24.000000000	
366	28.973741531	
367	33.183807373	
368	42.842449188	
369	19.223194122	
370	16.192560196	
371	9.000000000	
372	13.000000000	
373	8.838074684	
374	11.000000000	
375	7.205689430	
376	10.227571487	
377	8.000000000	
378	9.271334648	
379	8.120349884	
380	11.000000000	
381	11.652078629	
382	14.717723846	
383	18.000000000	
384	25.805252075	
385	37.849014282	
386	31.553609848	
387	22.063457489	
388	30.000000000	
389	39.024070740	
390	39.533916473	
391	14.000000000	
392	12.577680588	
393	9.599562645	
394	12.621443748	
395	8.000000000	
396	10.334792137	
397	6.687089920	
398	11.000000000	
399	7.269146442	
400	9.000000000	
401	6.774617195	
402	11.000000000	
403	14.363238335	
404	22.159736633	
405	42.137855530	
406	42.347919464	
407	25.282276154	
408	25.144420624	
409	39.000000000	
410	41.085338593	
411	17.019693375	
412	16.000000000	
413	12.000000000	
414	10.000000000	
415	10.080963135	
416	11.102844238	
417	7.000000000	
418	11.000000000	
419	7.000000000	
420	12.000000000	
421	8.000000000	
422	15.000000000	
423	18.000000000	
424	28.000000000	
425	34.299781799	
426	31.321662903	
427	20.343544006	
428	33.000000000	
429	33.000000000	
430	24.000000000	
431	12.000000000	
432	11.452954292	
433	6.525164127	
434	10.503282547	
435	7.481400490	
436	11.000000000	
437	6.000000000	
438	11.584244728	
439	9.000000000	
440	10.628008842	
441	12.000000000	
442	19.000000000	
443	38.306346893	
444	41.000000000	
445	26.737417221	
446	29.518600464	
447	39.781181335	
448	34.000000000	
449	14.000000000	
450	15.000000000	
451	7.868709087	
452	10.890590668	
453	8.000000000	
454	13.000000000	
455	8.000000000	
456	10.978117943	
457	0.000000000	
