0	16.000000000	
1	22.008771896	
2	18.000000000	
3	19.039474487	
4	17.982456207	
5	20.054824829	
6	17.000000000	
7	20.061403275	
8	15.035087585	
9	21.078947067	
10	19.978069305	
11	22.144737244	
12	20.947368622	
13	23.142543793	
14	20.000000000	
15	21.098684311	
16	22.035087585	
17	21.149122238	
18	21.960525513	
19	27.208333969	
20	21.912281036	
21	25.230262756	
22	24.951753616	
23	23.100877762	
24	25.000000000	
25	28.109649658	
26	25.828947067	
27	29.236841202	
28	26.815790176	
29	30.254386902	
30	25.934209824	
31	29.067981720	
32	26.350877762	
33	31.578947067	
34	32.074562073	
35	37.614036560	
36	38.000000000	
37	41.567981720	
38	39.166667938	
39	42.427631378	
40	45.912281036	
41	49.179824829	
42	51.631580353	
43	55.377193451	
44	47.807018280	
45	55.296051025	
46	57.798244476	
47	59.103069305	
48	48.105262756	
49	57.000000000	
50	49.000000000	
51	54.111843109	
52	50.114036560	
53	49.116226196	
54	45.118419647	
55	47.120613098	
56	38.877193451	
57	40.500000000	
58	33.000000000	
59	32.905700684	
60	30.000000000	
61	34.802631378	
62	30.000000000	
63	29.414474487	
64	27.140350342	
65	32.427631378	
66	26.710525513	
67	28.587718964	
68	27.403509140	
69	28.605262756	
70	25.692981720	
71	34.311405182	
72	23.157894135	
73	30.480262756	
74	27.837718964	
75	28.986841202	
76	25.666666031	
77	29.844297409	
78	27.000000000	
79	29.519737244	
80	27.350877762	
81	32.888156891	
82	33.820175171	
83	41.910087585	
84	41.815788269	
85	48.118419647	
86	49.000000000	
87	56.572368622	
88	54.807018280	
89	61.000000000	
90	53.013156891	
91	57.598682404	
92	43.394737244	
93	44.815788269	
94	32.793861389	
95	36.208332062	
96	24.000000000	
97	27.850877762	
98	17.785087585	
99	23.302631378	
100	14.561403275	
101	23.328947067	
102	16.223684311	
103	20.903509140	
104	17.000000000	
105	19.690790176	
106	14.302631378	
107	17.938596725	
108	14.289473534	
109	18.956140518	
110	14.517543793	
111	17.243421555	
112	12.245614052	
113	17.247806549	
114	14.000000000	
115	17.000000000	
116	13.000000000	
117	18.000000000	
118	13.258771896	
119	16.260965347	
120	14.000000000	
121	21.061403275	
122	13.464912415	
123	21.348684311	
124	14.456140518	
125	23.370613098	
126	16.000000000	
127	24.557018280	
128	20.000000000	
129	26.131578445	
130	29.000000000	
131	40.436405182	
132	42.131580353	
133	52.875000000	
134	52.000000000	
135	54.480262756	
136	49.403507233	
137	49.901317596	
138	33.394737244	
139	36.219299316	
140	27.078947067	
141	34.927631378	
142	24.377193451	
143	29.627193451	
144	21.684209824	
145	26.635965347	
146	25.039474487	
147	31.289474487	
148	26.701753616	
149	29.980262756	
150	27.671052933	
151	34.662281036	
152	43.333332062	
153	53.335525513	
154	52.986843109	
155	58.019737244	
156	42.631580353	
157	43.377193451	
158	24.307018280	
159	30.348684311	
160	17.649122238	
161	19.706140518	
162	14.934210777	
163	18.429824829	
164	13.561403275	
165	19.085525513	
166	14.271929741	
167	15.000000000	
168	15.368420601	
169	15.853070259	
170	11.627193451	
171	17.875000000	
172	12.622806549	
173	17.276315689	
174	14.000000000	
175	17.151315689	
176	13.228070259	
177	19.776315689	
178	15.828947067	
179	22.570175171	
180	21.421052933	
181	29.190790176	
182	32.600875854	
183	45.802631378	
184	52.807018280	
185	61.028507233	
186	47.000000000	
187	46.050437927	
188	29.175437927	
189	33.072368622	
190	22.000000000	
191	27.837718964	
192	23.842105865	
193	30.116228104	
194	20.574562073	
195	27.565790176	
196	28.140350342	
197	37.592105865	
198	46.000000000	
199	58.309211731	
200	52.000000000	
201	52.881580353	
202	30.328947067	
203	29.890350342	
204	16.894737244	
205	22.348684311	
206	15.355262756	
207	13.815789223	
208	11.543859482	
209	16.916666031	
210	11.618420601	
211	15.850876808	
212	10.605262756	
213	16.401315689	
214	12.061403275	
215	15.000000000	
216	15.947368622	
217	18.379386902	
218	14.521929741	
219	21.881578445	
220	20.035087585	
221	31.423246384	
222	37.513156891	
223	51.978069305	
224	50.017543793	
225	51.986843109	
226	30.513158798	
227	34.497806549	
228	20.500000000	
229	27.506578445	
230	21.486841202	
231	24.000000000	
232	26.473684311	
233	29.021930695	
234	28.973684311	
235	44.576755524	
236	53.412281036	
237	58.519737244	
238	32.434211731	
239	27.048246384	
240	16.473684311	
241	20.057018280	
242	13.407895088	
243	17.131578445	
244	10.859648705	
245	17.611841202	
246	10.921052933	
247	14.000000000	
248	12.912281036	
249	17.092105865	
250	11.355262756	
251	18.201753616	
252	14.342104912	
253	23.664474487	
254	21.885965347	
255	28.559209824	
256	44.315788269	
257	58.127193451	
258	42.868419647	
259	45.271930695	
260	26.719297409	
261	30.144737244	
262	20.850877762	
263	23.730262756	
264	19.421052933	
265	29.162281036	
266	30.666666031	
267	44.756580353	
268	52.649124146	
269	53.769737244	
270	25.815790176	
271	25.594297409	
272	15.192982674	
273	19.394737244	
274	13.399123192	
275	19.015350342	
276	11.789473534	
277	17.644737244	
278	11.609648705	
279	15.835526466	
280	9.771929741	
281	15.616228104	
282	7.526315689	
283	21.241228104	
284	21.508771896	
285	33.875000000	
286	43.745613098	
287	57.000000000	
288	36.631580353	
289	35.802631378	
290	19.271930695	
291	29.105262756	
292	18.719297409	
293	31.570175171	
294	24.355262756	
295	33.940788269	
296	52.350875854	
297	54.302631378	
298	28.039474487	
299	29.967105865	
300	13.368420601	
301	19.320175171	
302	12.013157845	
303	18.664474487	
304	8.333333015	
305	14.337718964	
306	9.986842155	
307	17.019737244	
308	10.622806549	
309	18.355262756	
310	14.640351295	
311	21.364034653	
312	29.315790176	
313	48.372806549	
314	42.245613098	
315	42.072368622	
316	20.228069305	
317	30.085525513	
318	21.302631378	
319	25.399122238	
320	26.000000000	
321	34.407894135	
322	47.881580353	
323	53.833332062	
324	27.157894135	
325	24.850877762	
326	15.285087585	
327	19.717105865	
328	8.719298363	
329	18.885965347	
330	10.276315689	
331	17.629386902	
332	10.543859482	
333	17.651315689	
334	15.000000000	
335	16.203947067	
336	21.000000000	
337	34.000000000	
338	49.000000000	
339	48.743419647	
340	25.745613098	
341	26.747806549	
342	22.750000000	
343	24.752193451	
344	24.982456207	
345	31.243421555	
346	48.447368622	
347	59.760963440	
348	22.184209824	
349	26.296052933	
350	11.697368622	
351	18.769737244	
352	10.000000000	
353	17.322368622	
354	9.671052933	
355	16.114034653	
356	9.657895088	
357	17.914474487	
358	14.214912415	
359	23.787281036	
360	34.210525513	
361	50.000000000	
362	35.587718964	
363	33.796051025	
364	19.403509140	
365	24.399122238	
366	20.197368622	
367	25.804824829	
368	37.807018280	
369	56.427631378	
370	30.377193451	
371	31.067981720	
372	12.736842155	
373	18.453947067	
374	12.359648705	
375	15.822368622	
376	11.824561119	
377	18.480262756	
378	10.342104912	
379	21.155702591	
380	13.333333015	
381	27.177631378	
382	39.162281036	
383	53.679824829	
384	29.157894135	
385	25.000000000	
386	20.000000000	
387	25.000000000	
388	22.000000000	
389	31.000000000	
390	53.144737244	
391	49.000000000	
392	21.719297409	
393	20.723684311	
394	13.728070259	
395	16.732456207	
396	11.736842155	
397	17.741228104	
398	14.745614052	
399	16.750000000	
400	14.631579399	
401	20.638158798	
402	31.644737244	
403	50.651317596	
404	43.657894135	
405	33.440788269	
406	23.342105865	
407	29.462718964	
408	19.000000000	
409	32.587718964	
410	50.000000000	
411	59.407894135	
412	22.289474487	
413	26.622806549	
414	11.000000000	
415	18.550437927	
416	7.000000000	
417	16.828947067	
418	7.333333492	
419	17.756578445	
420	10.315789223	
421	24.692981720	
422	35.000000000	
423	49.710525513	
424	30.929824829	
425	29.728069305	
426	20.065790176	
427	28.618421555	
428	23.122806549	
429	42.703948975	
430	38.000000000	
431	32.835525513	
432	15.947368622	
433	19.798246384	
434	11.048245430	
435	18.723684311	
436	10.087718964	
437	20.791666031	
438	14.039473534	
439	20.925437927	
440	24.824562073	
441	43.736843109	
442	41.938594818	
443	38.743419647	
444	22.000000000	
445	31.831140518	
446	21.978069305	
447	33.940788269	
448	52.000000000	
449	44.953948975	
450	17.026315689	
451	20.945175171	
452	12.017543793	
453	18.973684311	
454	14.000000000	
455	16.995613098	
456	0.000000000	
