0	14.000000000	
1	12.008752823	
2	15.026258469	
3	12.039387703	
4	16.035011292	
5	11.043764114	
6	16.052516937	
7	14.030634880	
8	15.070021629	
9	9.157548904	
10	16.131290436	
11	13.144419670	
12	17.105031967	
13	14.170678139	
14	20.122537613	
15	15.131291389	
16	16.070022583	
17	14.148796082	
18	18.157548904	
19	14.166301727	
20	19.087528229	
21	15.183807373	
22	20.096279144	
23	16.201313019	
24	20.210065842	
25	14.218818665	
26	20.227571487	
27	18.236324310	
28	23.245077133	
29	19.380744934	
30	24.262582779	
31	21.271335602	
32	26.280088425	
33	19.144420624	
34	25.148796082	
35	25.153173447	
36	32.157550812	
37	29.323850632	
38	34.166301727	
39	33.170677185	
40	40.350109100	
41	33.717723846	
42	45.102844238	
43	43.317287445	
44	44.155361176	
45	42.787746429	
46	51.603939056	
47	47.617069244	
48	50.210063934	
49	51.214443207	
50	51.437637329	
51	45.446388245	
52	50.682712555	
53	47.695842743	
54	48.472648621	
55	40.240699768	
56	41.000000000	
57	36.000000000	
58	38.000000000	
59	34.000000000	
60	37.000000000	
61	30.266958237	
62	33.000000000	
63	28.275711060	
64	29.280088425	
65	20.853391647	
66	27.866519928	
67	21.172866821	
68	27.595186234	
69	24.301969528	
70	27.000000000	
71	25.310722351	
72	24.315097809	
73	19.638950348	
74	27.323850632	
75	25.328227997	
76	28.332603455	
77	25.336980820	
78	32.682712555	
79	31.691465378	
80	35.350109100	
81	32.291027069	
82	42.000000000	
83	45.363239288	
84	53.102844238	
85	49.487964630	
86	51.129104614	
87	46.142230988	
88	49.540481567	
89	35.389495850	
90	37.787746429	
91	30.796499252	
92	29.805252075	
93	20.814004898	
94	21.234136581	
95	15.831509590	
96	19.260393143	
97	13.849015236	
98	15.857768059	
99	10.299780846	
100	14.312910080	
101	10.884026527	
102	14.339168549	
103	11.901532173	
104	17.365427017	
105	6.378555775	
106	13.391684532	
107	10.404813766	
108	11.945295334	
109	7.954048157	
110	12.962800980	
111	9.485776901	
112	11.490153313	
113	8.989059448	
114	14.997812271	
115	11.509846687	
116	13.015316963	
117	7.512034893	
118	11.516411781	
119	8.041575432	
120	11.575491905	
121	9.588621140	
122	14.067833900	
123	10.076586723	
124	15.085339546	
125	12.641138077	
126	17.654266357	
127	14.667395592	
128	18.120349884	
129	16.822757721	
130	22.706783295	
131	23.000000000	
132	31.422319412	
133	34.582057953	
134	49.759300232	
135	51.772430420	
136	55.190372467	
137	43.000000000	
138	44.000000000	
139	35.000000000	
140	33.000000000	
141	26.000000000	
142	28.000000000	
143	22.000000000	
144	23.000000000	
145	20.000000000	
146	25.638950348	
147	23.286651611	
148	27.647703171	
149	26.000000000	
150	35.000000000	
151	39.660831451	
152	50.330417633	
153	49.669582367	
154	52.326038361	
155	35.643325806	
156	33.634574890	
157	20.312910080	
158	24.691465378	
159	13.391684532	
160	18.100656509	
161	7.409190178	
162	13.708971977	
163	9.426695824	
164	11.435448647	
165	8.444201469	
166	11.452954292	
167	7.461706638	
168	14.470459938	
169	4.739605904	
170	11.000000000	
171	8.251641273	
172	11.000000000	
173	7.242888451	
174	13.000000000	
175	9.000000000	
176	12.000000000	
177	13.323851585	
178	15.336979866	
179	10.783370018	
180	16.787746429	
181	15.792122841	
182	23.796499252	
183	29.402626038	
184	41.415756226	
185	50.190372467	
186	53.185997009	
187	45.181617737	
188	41.177242279	
189	30.000000000	
190	29.000000000	
191	22.835886002	
192	24.840263367	
193	20.689277649	
194	26.698030472	
195	19.706783295	
196	31.573303223	
197	38.724288940	
198	48.866519928	
199	48.741794586	
200	44.875274658	
201	26.879650116	
202	25.884025574	
203	15.888402939	
204	15.892779350	
205	10.897155762	
206	14.000000000	
207	9.000000000	
208	11.910284042	
209	6.000000000	
210	10.000000000	
211	6.000000000	
212	11.000000000	
213	8.000000000	
214	13.000000000	
215	10.000000000	
216	14.000000000	
217	6.899343491	
218	11.908096313	
219	10.916849136	
220	16.925601959	
221	14.934354782	
222	24.971553802	
223	31.975929260	
224	45.000000000	
225	49.015316010	
226	49.000000000	
227	33.000000000	
228	30.993434906	
229	24.982494354	
230	21.026258469	
231	18.010940552	
232	32.938732147	
233	25.940919876	
234	37.975929260	
235	46.971553802	
236	55.901531219	
237	35.888401031	
238	34.000000000	
239	16.000000000	
240	16.899343491	
241	12.781181335	
242	13.822756767	
243	7.873085499	
244	11.932166100	
245	9.855580330	
246	13.770240784	
247	7.919037342	
248	9.256017685	
249	8.000000000	
250	12.811816216	
251	9.901532173	
252	15.000000000	
253	11.107220650	
254	17.000000000	
255	18.000000000	
256	27.120349884	
257	39.251640320	
258	49.741794586	
259	42.466083527	
260	41.862144470	
261	22.142232895	
262	27.000000000	
263	20.301969528	
264	24.378555298	
265	22.680524826	
266	31.835886002	
267	43.168491364	
268	54.172866821	
269	31.822757721	
270	30.000000000	
271	13.814003944	
272	14.428883553	
273	9.805252075	
274	12.800875664	
275	7.796498775	
276	11.584244728	
277	8.575491905	
278	12.566740036	
279	6.778993607	
280	9.225382805	
281	9.229759216	
282	15.000000000	
283	8.522975922	
284	16.271335602	
285	16.505470276	
286	31.496717453	
287	44.487964630	
288	53.479213715	
289	29.676149368	
290	31.461706161	
291	20.726476669	
292	25.277898788	
293	20.282276154	
294	25.713348389	
295	35.544857025	
296	45.522975922	
297	34.700218201	
298	31.304157257	
299	15.148796082	
300	16.938730240	
301	11.048139572	
302	14.356674194	
303	7.673960686	
304	11.339168549	
305	8.665207863	
306	10.660831451	
307	7.312910080	
308	13.304157257	
309	9.943107605	
310	13.643325806	
311	13.277899742	
312	21.634572983	
313	28.150983810	
314	43.000000000	
315	37.621444702	
316	37.617069244	
317	20.000000000	
318	24.608314514	
319	18.415754318	
320	26.599561691	
321	30.380744934	
322	46.181617737	
323	34.586433411	
324	32.582057953	
325	12.000000000	
326	15.426695824	
327	10.568927765	
328	10.258205414	
329	8.000000000	
330	12.111597061	
331	7.654266834	
332	11.000000000	
333	7.457330227	
334	13.000000000	
335	11.533916473	
336	18.059080124	
337	16.949672699	
338	28.958423615	
339	43.967178345	
340	44.463893890	
341	24.492341995	
342	25.006565094	
343	21.496717453	
344	27.483589172	
345	25.000000000	
346	43.428882599	
347	40.481399536	
348	32.954048157	
349	13.054704666	
350	14.873085022	
351	9.000000000	
352	11.838074684	
353	7.455142021	
354	12.000000000	
355	6.000000000	
356	9.442012787	
357	10.437636375	
358	14.866520882	
359	13.000000000	
360	23.000000000	
361	28.000000000	
362	44.078773499	
363	30.879650116	
364	30.442012787	
365	17.207878113	
366	25.398248672	
367	24.000000000	
368	29.778993607	
369	45.770240784	
370	42.380744934	
371	15.376367569	
372	16.743982315	
373	8.735229492	
374	13.089715958	
375	6.076586246	
376	10.354485512	
377	7.700218678	
378	11.691466331	
379	6.341356754	
380	14.673960686	
381	10.997812271	
382	20.312910080	
383	35.295406342	
384	48.958423615	
385	25.315097809	
386	24.553609848	
387	17.000000000	
388	23.603939056	
389	27.214441299	
390	43.706783295	
391	36.133480072	
392	25.284463882	
393	13.560174942	
394	11.102844238	
395	6.542669773	
396	11.266958237	
397	6.525164127	
398	11.258205414	
399	9.000000000	
400	10.249452591	
401	7.980306149	
402	16.759300232	
403	24.763675690	
404	40.231948853	
405	36.000000000	
406	30.776805878	
407	19.000000000	
408	19.643325806	
409	26.840263367	
410	38.205688477	
411	40.402626038	
412	31.196935654	
413	13.000000000	
414	14.376367569	
415	6.735229969	
416	12.000000000	
417	4.824945450	
418	11.341356277	
419	7.166302204	
420	14.161925316	
421	11.472647667	
422	20.459518433	
423	32.297592163	
424	41.577678680	
425	21.560174942	
426	24.135667801	
427	16.868709564	
428	23.253829956	
429	32.490154266	
430	48.354484558	
431	18.113784790	
432	17.890590668	
433	7.000000000	
434	11.301969528	
435	8.192560196	
436	12.183807373	
437	8.262581825	
438	13.083150864	
439	10.078774452	
440	15.148796082	
441	19.280088425	
442	33.262580872	
443	33.061267853	
444	31.000000000	
445	19.210065842	
446	23.192560196	
447	29.956235886	
448	46.803062439	
449	29.175054550	
450	24.091903687	
451	8.026258469	
452	15.978117943	
453	8.982494354	
454	14.013129234	
455	5.017505646	
456	13.000000000	
457	0.000000000	
