0	23.000000000	
1	27.035087585	
2	24.070175171	
3	29.000000000	
4	26.000000000	
5	30.175437927	
6	26.210525513	
7	29.754386902	
8	24.000000000	
9	29.000000000	
10	28.000000000	
11	31.614034653	
12	27.578947067	
13	34.000000000	
14	31.491228104	
15	32.000000000	
16	28.438596725	
17	35.403507233	
18	33.000000000	
19	36.666667938	
20	35.000000000	
21	39.263156891	
22	37.228069305	
23	44.000000000	
24	36.000000000	
25	44.122806549	
26	41.912281036	
27	45.894737244	
28	46.000000000	
29	49.964912415	
30	45.000000000	
31	50.000000000	
32	45.877193451	
33	56.842105865	
34	52.000000000	
35	60.771930695	
36	53.000000000	
37	62.298244476	
38	54.666667938	
39	62.368419647	
40	54.596492767	
41	61.561405182	
42	52.526317596	
43	58.000000000	
44	48.000000000	
45	53.421051025	
46	43.385963440	
47	49.350875854	
48	42.368419647	
49	45.280700684	
50	33.736843109	
51	40.210525513	
52	31.824562073	
53	37.719299316	
54	27.894737244	
55	34.070175171	
56	28.035087585	
57	29.000000000	
58	28.000000000	
59	28.929824829	
60	24.894737244	
61	30.000000000	
62	23.175437927	
63	30.210525513	
64	21.000000000	
65	28.000000000	
66	22.000000000	
67	30.000000000	
68	22.000000000	
69	32.000000000	
70	24.000000000	
71	28.000000000	
72	22.526315689	
73	28.000000000	
74	19.000000000	
75	28.368421555	
76	22.333333969	
77	30.000000000	
78	21.736841202	
79	29.000000000	
80	24.192981720	
81	31.157894135	
82	31.000000000	
83	37.087718964	
84	37.052631378	
85	47.035087585	
86	48.000000000	
87	53.947368622	
88	52.087718964	
89	61.877193451	
90	56.684211731	
91	59.614036560	
92	43.771930695	
93	49.000000000	
94	38.298244476	
95	37.333332062	
96	23.631578445	
97	29.596490860	
98	16.561403275	
99	25.526315689	
100	16.491228104	
101	22.000000000	
102	16.000000000	
103	18.000000000	
104	12.350876808	
105	18.000000000	
106	14.000000000	
107	18.000000000	
108	14.000000000	
109	16.000000000	
110	12.000000000	
111	19.894737244	
112	10.000000000	
113	16.000000000	
114	13.000000000	
115	16.964912415	
116	14.000000000	
117	18.000000000	
118	14.000000000	
119	19.000000000	
120	12.578947067	
121	19.508771896	
122	17.000000000	
123	22.000000000	
124	19.000000000	
125	23.385965347	
126	23.842105865	
127	34.912281036	
128	35.508773804	
129	48.473682404	
130	49.000000000	
131	61.000000000	
132	53.631580353	
133	59.666667938	
134	45.000000000	
135	44.000000000	
136	32.000000000	
137	31.000000000	
138	23.000000000	
139	26.877193451	
140	23.000000000	
141	26.000000000	
142	21.000000000	
143	24.982456207	
144	20.052631378	
145	29.824562073	
146	19.245613098	
147	27.842105865	
148	19.964912415	
149	28.000000000	
150	30.263158798	
151	36.701755524	
152	42.333332062	
153	54.105262756	
154	58.000000000	
155	64.122810364	
156	46.578948975	
157	46.473682404	
158	25.912281036	
159	28.842105865	
160	17.000000000	
161	21.701753616	
162	15.684210777	
163	18.122806549	
164	11.508771896	
165	17.210525513	
166	12.649123192	
167	16.000000000	
168	10.894737244	
169	16.929824829	
170	10.000000000	
171	19.000000000	
172	11.035087585	
173	21.000000000	
174	14.000000000	
175	19.859649658	
176	15.824561119	
177	21.000000000	
178	22.000000000	
179	35.438594818	
180	40.684211731	
181	51.350875854	
182	53.771930695	
183	62.000000000	
184	48.087718964	
185	45.508773804	
186	26.000000000	
187	29.438596725	
188	22.000000000	
189	26.631578445	
190	19.333333969	
191	31.701753616	
192	15.473684311	
193	25.771930695	
194	21.000000000	
195	27.000000000	
196	27.000000000	
197	38.912281036	
198	48.842105865	
199	55.929824829	
200	54.964912415	
201	56.894737244	
202	31.000000000	
203	29.000000000	
204	16.157894135	
205	22.000000000	
206	15.228070259	
207	17.263158798	
208	11.298245430	
209	17.000000000	
210	13.368420601	
211	16.000000000	
212	11.438596725	
213	16.000000000	
214	12.508771896	
215	16.000000000	
216	13.157895088	
217	22.000000000	
218	21.000000000	
219	28.368421555	
220	35.438594818	
221	53.000000000	
222	53.210525513	
223	53.000000000	
224	34.000000000	
225	35.000000000	
226	22.000000000	
227	25.964912415	
228	23.000000000	
229	25.000000000	
230	23.000000000	
231	23.000000000	
232	21.000000000	
233	27.824562073	
234	33.000000000	
235	47.754386902	
236	57.719299316	
237	59.684211731	
238	34.649124146	
239	28.614034653	
240	18.421052933	
241	22.000000000	
242	11.508771896	
243	19.000000000	
244	12.000000000	
245	19.000000000	
246	10.631579399	
247	18.000000000	
248	8.298245430	
249	18.263158798	
250	13.228070259	
251	19.000000000	
252	18.000000000	
253	27.877193451	
254	41.912281036	
255	57.947368622	
256	52.982456207	
257	51.000000000	
258	25.947368622	
259	28.000000000	
260	20.000000000	
261	27.000000000	
262	21.807018280	
263	25.000000000	
264	22.263158798	
265	28.000000000	
266	34.333332062	
267	49.368419647	
268	57.000000000	
269	54.561405182	
270	28.000000000	
271	24.000000000	
272	14.000000000	
273	18.000000000	
274	10.385965347	
275	20.000000000	
276	12.000000000	
277	19.000000000	
278	11.000000000	
279	16.789474487	
280	12.000000000	
281	21.000000000	
282	19.000000000	
283	30.000000000	
284	44.000000000	
285	55.000000000	
286	42.070175171	
287	35.140350342	
288	19.894737244	
289	24.000000000	
290	21.000000000	
291	24.000000000	
292	19.000000000	
293	25.000000000	
294	27.315790176	
295	38.350875854	
296	51.614036560	
297	60.000000000	
298	27.000000000	
299	29.491228104	
300	13.000000000	
301	18.000000000	
302	11.000000000	
303	18.000000000	
304	10.000000000	
305	15.000000000	
306	11.000000000	
307	15.000000000	
308	15.000000000	
309	23.000000000	
310	26.000000000	
311	39.000000000	
312	50.105262756	
313	48.035087585	
314	26.982456207	
315	26.947368622	
316	19.000000000	
317	27.000000000	
318	18.157894135	
319	28.192981720	
320	21.000000000	
321	34.263156891	
322	49.298244476	
323	54.333332062	
324	22.368421555	
325	23.403509140	
326	14.438596725	
327	15.473684311	
328	13.000000000	
329	16.000000000	
330	12.000000000	
331	17.000000000	
332	14.000000000	
333	19.000000000	
334	19.719297409	
335	27.754386902	
336	46.000000000	
337	58.000000000	
338	32.140350342	
339	34.000000000	
340	18.070175171	
341	28.000000000	
342	17.000000000	
343	25.000000000	
344	18.859649658	
345	34.000000000	
346	52.000000000	
347	56.000000000	
348	20.000000000	
349	22.000000000	
350	15.280701637	
351	16.631578445	
352	9.649123192	
353	16.000000000	
354	13.421052933	
355	15.456140518	
356	12.491228104	
357	21.526315689	
358	25.561403275	
359	35.000000000	
360	45.000000000	
361	45.666667938	
362	22.403509140	
363	26.736841202	
364	20.000000000	
365	25.192981720	
366	18.157894135	
367	23.122806549	
368	44.000000000	
369	55.000000000	
370	30.017543793	
371	24.017543793	
372	13.842104912	
373	19.000000000	
374	11.877193451	
375	18.526315689	
376	7.000000000	
377	17.087718964	
378	13.526315689	
379	22.298246384	
380	28.000000000	
381	41.736843109	
382	42.403507233	
383	40.000000000	
384	16.052631378	
385	25.982456207	
386	18.456140518	
387	24.578947067	
388	21.228069305	
389	36.000000000	
390	49.631580353	
391	44.561405182	
392	17.736841202	
393	19.789474487	
394	10.350876808	
395	17.140350342	
396	14.000000000	
397	15.070175171	
398	14.929824829	
399	19.000000000	
400	17.035087585	
401	32.070175171	
402	48.105262756	
403	52.000000000	
404	21.175437927	
405	25.210525513	
406	20.000000000	
407	24.000000000	
408	20.631578445	
409	35.350875854	
410	54.385963440	
411	54.000000000	
412	19.543859482	
413	22.508771896	
414	9.947368622	
415	13.438596725	
416	13.000000000	
417	13.631579399	
418	9.000000000	
419	19.403509140	
420	21.473684311	
421	39.000000000	
422	46.385963440	
423	37.631580353	
424	17.000000000	
425	24.000000000	
426	16.052631378	
427	26.000000000	
428	26.017543793	
429	47.000000000	
430	37.912281036	
431	31.877193451	
432	10.842104912	
433	16.000000000	
434	11.000000000	
435	13.000000000	
436	11.000000000	
437	17.000000000	
438	17.000000000	
439	27.000000000	
440	47.438594818	
441	51.000000000	
442	22.491228104	
443	23.000000000	
444	19.000000000	
445	25.614034653	
446	24.350877762	
447	42.315788269	
448	42.280700684	
449	40.491226196	
450	14.000000000	
451	17.824562073	
452	12.000000000	
453	17.000000000	
454	10.000000000	
455	17.000000000	
456	0.000000000	
