0	13.000000000	
1	12.986985207	
2	12.973969460	
3	12.000000000	
4	11.052061081	
5	14.934924126	
6	14.000000000	
7	14.000000000	
8	14.000000000	
9	13.882863045	
10	13.000000000	
11	13.000000000	
12	13.000000000	
13	11.830802917	
14	14.817787170	
15	12.000000000	
16	17.000000000	
17	11.778741837	
18	16.000000000	
19	12.752711296	
20	15.000000000	
21	14.000000000	
22	14.000000000	
23	14.000000000	
24	15.000000000	
25	16.000000000	
26	16.000000000	
27	16.000000000	
28	15.000000000	
29	17.000000000	
30	15.000000000	
31	15.000000000	
32	15.583514214	
33	15.000000000	
34	16.000000000	
35	17.000000000	
36	15.000000000	
37	15.518438339	
38	15.000000000	
39	15.507592201	
40	15.520606995	
41	16.000000000	
42	16.000000000	
43	16.440347672	
44	16.427331924	
45	15.000000000	
46	16.000000000	
47	17.000000000	
48	16.000000000	
49	17.000000000	
50	18.000000000	
51	18.000000000	
52	16.000000000	
53	17.000000000	
54	17.000000000	
55	18.000000000	
56	19.000000000	
57	19.258134842	
58	20.000000000	
59	21.000000000	
60	21.000000000	
61	23.000000000	
62	25.000000000	
63	26.000000000	
64	27.000000000	
65	30.154012680	
66	33.000000000	
67	35.127983093	
68	39.114967346	
69	43.898048401	
70	45.822124481	
71	47.924079895	
72	49.937091827	
73	50.000000000	
74	48.000000000	
75	46.000000000	
76	44.000000000	
77	39.000000000	
78	42.000000000	
79	35.000000000	
80	34.041213989	
81	27.054229736	
82	29.000000000	
83	22.000000000	
84	23.000000000	
85	20.000000000	
86	18.000000000	
87	17.867679596	
88	18.854663849	
89	18.158351898	
90	17.000000000	
91	16.815618515	
92	16.802602768	
93	16.789587021	
94	19.776573181	
95	15.000000000	
96	18.000000000	
97	14.000000000	
98	17.724512100	
99	13.000000000	
100	16.000000000	
101	13.000000000	
102	12.327548981	
103	12.000000000	
104	12.000000000	
105	12.000000000	
106	11.379609108	
107	10.000000000	
108	9.000000000	
109	10.000000000	
110	11.000000000	
111	10.555314064	
112	10.000000000	
113	10.000000000	
114	11.000000000	
115	10.000000000	
116	8.000000000	
117	10.000000000	
118	9.535791397	
119	9.548807144	
120	10.000000000	
121	10.000000000	
122	9.000000000	
123	10.000000000	
124	12.000000000	
125	8.000000000	
126	11.639913559	
127	11.652928352	
128	11.000000000	
129	12.678958893	
130	13.000000000	
131	12.704989433	
132	13.000000000	
133	15.000000000	
134	15.000000000	
135	16.000000000	
136	17.000000000	
137	17.000000000	
138	15.000000000	
139	15.000000000	
140	16.822126389	
141	15.000000000	
142	19.000000000	
143	23.000000000	
144	27.874187469	
145	34.000000000	
146	42.000000000	
147	47.000000000	
148	49.000000000	
149	43.000000000	
150	42.952278137	
151	33.965293884	
152	31.000000000	
153	21.000000000	
154	23.000000000	
155	17.000000000	
156	17.000000000	
157	16.000000000	
158	16.000000000	
159	16.000000000	
160	16.000000000	
161	15.000000000	
162	14.000000000	
163	13.878524780	
164	13.000000000	
165	9.000000000	
166	11.000000000	
167	8.000000000	
168	13.000000000	
169	8.000000000	
170	12.000000000	
171	8.000000000	
172	9.761387825	
173	9.000000000	
174	9.000000000	
175	10.000000000	
176	10.000000000	
177	11.000000000	
178	10.000000000	
179	10.000000000	
180	10.000000000	
181	12.000000000	
182	12.000000000	
183	13.000000000	
184	14.000000000	
185	15.000000000	
186	15.000000000	
187	15.000000000	
188	15.000000000	
189	15.459869385	
190	16.472885132	
191	20.000000000	
192	23.501085281	
193	28.488069534	
194	38.475055695	
195	48.537960052	
196	52.550975800	
197	41.436008453	
198	36.422992706	
199	25.000000000	
200	24.000000000	
201	16.000000000	
202	19.000000000	
203	14.000000000	
204	16.000000000	
205	14.000000000	
206	17.000000000	
207	12.000000000	
208	13.000000000	
209	9.000000000	
210	13.000000000	
211	9.000000000	
212	11.000000000	
213	8.000000000	
214	9.000000000	
215	10.000000000	
216	10.000000000	
217	10.000000000	
218	10.000000000	
219	11.000000000	
220	11.000000000	
221	9.000000000	
222	13.000000000	
223	11.000000000	
224	16.000000000	
225	13.000000000	
226	17.000000000	
227	12.000000000	
228	16.000000000	
229	15.980477333	
230	18.000000000	
231	25.000000000	
232	33.000000000	
233	47.000000000	
234	51.045551300	
235	38.000000000	
236	33.000000000	
237	20.084598541	
238	18.097614288	
239	16.110628128	
240	16.000000000	
241	16.000000000	
242	15.000000000	
243	13.162690163	
244	11.175704956	
245	12.000000000	
246	11.000000000	
247	10.000000000	
248	11.000000000	
249	10.000000000	
250	9.000000000	
251	9.000000000	
252	11.000000000	
253	8.000000000	
254	9.000000000	
255	10.000000000	
256	11.000000000	
257	13.000000000	
258	15.000000000	
259	15.000000000	
260	14.000000000	
261	15.000000000	
262	18.000000000	
263	19.000000000	
264	24.000000000	
265	37.449024200	
266	46.000000000	
267	43.000000000	
268	37.000000000	
269	21.000000000	
270	21.000000000	
271	15.000000000	
272	18.000000000	
273	13.000000000	
274	18.000000000	
275	12.000000000	
276	12.000000000	
277	8.394793510	
278	9.000000000	
279	9.000000000	
280	10.000000000	
281	10.000000000	
282	10.000000000	
283	9.316702843	
284	9.000000000	
285	9.290672302	
286	11.000000000	
287	12.000000000	
288	13.000000000	
289	14.000000000	
290	14.000000000	
291	15.000000000	
292	16.000000000	
293	20.000000000	
294	29.000000000	
295	47.160522461	
296	45.000000000	
297	30.865509033	
298	22.878524780	
299	17.000000000	
300	16.095445633	
301	15.000000000	
302	16.000000000	
303	11.000000000	
304	13.000000000	
305	7.000000000	
306	11.000000000	
307	8.000000000	
308	10.000000000	
309	8.000000000	
310	9.000000000	
311	10.000000000	
312	10.000000000	
313	11.000000000	
314	12.000000000	
315	14.000000000	
316	15.000000000	
317	14.000000000	
318	14.861171722	
319	17.848155975	
320	24.000000000	
321	40.177875519	
322	45.190891266	
323	30.796094894	
324	26.566160202	
325	14.770065308	
326	15.000000000	
327	14.744034767	
328	14.000000000	
329	13.000000000	
330	11.000000000	
331	9.691973686	
332	8.678958893	
333	8.000000000	
334	9.000000000	
335	9.000000000	
336	10.000000000	
337	10.000000000	
338	11.000000000	
339	12.000000000	
340	14.000000000	
341	13.000000000	
342	12.451192856	
343	15.464208603	
344	19.000000000	
345	34.000000000	
346	46.000000000	
347	37.000000000	
348	28.470716476	
349	15.000000000	
350	16.000000000	
351	13.000000000	
352	17.000000000	
353	11.000000000	
354	12.607375145	
355	8.000000000	
356	11.000000000	
357	7.000000000	
358	9.000000000	
359	10.000000000	
360	9.000000000	
361	10.000000000	
362	12.000000000	
363	14.000000000	
364	14.000000000	
365	14.000000000	
366	15.000000000	
367	22.000000000	
368	31.789587021	
369	44.000000000	
370	39.000000000	
371	19.828634262	
372	15.000000000	
373	14.000000000	
374	17.000000000	
375	11.000000000	
376	14.000000000	
377	9.000000000	
378	12.000000000	
379	7.000000000	
380	11.000000000	
381	8.000000000	
382	10.000000000	
383	11.000000000	
384	12.000000000	
385	14.000000000	
386	15.000000000	
387	14.000000000	
388	16.000000000	
389	26.000000000	
390	38.000000000	
391	37.000000000	
392	31.000000000	
393	15.000000000	
394	17.000000000	
395	14.000000000	
396	14.000000000	
397	10.000000000	
398	10.000000000	
399	9.000000000	
400	9.000000000	
401	9.000000000	
402	10.000000000	
403	10.000000000	
404	11.000000000	
405	12.000000000	
406	13.000000000	
407	13.000000000	
408	18.000000000	
409	21.000000000	
410	32.000000000	
411	43.000000000	
412	35.000000000	
413	15.000000000	
414	16.611713409	
415	12.000000000	
416	15.000000000	
417	8.000000000	
418	11.559653282	
419	8.000000000	
420	10.000000000	
421	7.000000000	
422	9.000000000	
423	10.000000000	
424	11.000000000	
425	13.531453133	
426	14.000000000	
427	13.557483673	
428	15.000000000	
429	28.583513260	
430	40.000000000	
431	29.000000000	
432	23.622560501	
433	14.000000000	
434	15.000000000	
435	12.338395119	
436	11.000000000	
437	10.000000000	
438	10.000000000	
439	9.000000000	
440	9.000000000	
441	10.000000000	
442	11.000000000	
443	13.000000000	
444	13.000000000	
445	12.000000000	
446	14.000000000	
447	17.182212830	
448	29.338394165	
449	40.156181335	
450	30.143167496	
451	17.000000000	
452	17.000000000	
453	13.000000000	
454	12.000000000	
455	10.000000000	
456	10.000000000	
457	10.000000000	
458	10.000000000	
459	10.000000000	
460	10.000000000	
461	0.000000000	
