0	16.000000000	
1	5.975930214	
2	12.000000000	
3	8.000000000	
4	11.903719902	
5	8.879650116	
6	12.000000000	
7	8.000000000	
8	14.000000000	
9	5.000000000	
10	13.000000000	
11	6.000000000	
12	14.000000000	
13	6.000000000	
14	15.000000000	
15	8.000000000	
16	13.000000000	
17	9.000000000	
18	17.000000000	
19	5.000000000	
20	15.000000000	
21	7.000000000	
22	14.000000000	
23	10.000000000	
24	12.000000000	
25	7.000000000	
26	15.000000000	
27	6.000000000	
28	17.673959732	
29	8.000000000	
30	16.000000000	
31	12.000000000	
32	12.770240784	
33	6.794310570	
34	14.818380356	
35	7.000000000	
36	15.000000000	
37	9.000000000	
38	18.000000000	
39	9.000000000	
40	14.000000000	
41	9.000000000	
42	16.000000000	
43	9.000000000	
44	18.000000000	
45	10.000000000	
46	19.000000000	
47	13.000000000	
48	20.000000000	
49	10.000000000	
50	18.000000000	
51	15.000000000	
52	18.251640320	
53	17.000000000	
54	22.000000000	
55	19.323850632	
56	25.347921371	
57	18.371992111	
58	25.000000000	
59	22.579868317	
60	28.555799484	
61	29.000000000	
62	36.000000000	
63	34.483589172	
64	41.459518433	
65	42.693653107	
66	48.177242279	
67	45.000000000	
68	50.000000000	
69	50.000000000	
70	58.684902191	
71	54.291027069	
72	54.800876617	
73	50.757110596	
74	58.781181335	
75	51.000000000	
76	55.000000000	
77	42.000000000	
78	47.000000000	
79	34.000000000	
80	35.000000000	
81	26.000000000	
82	31.000000000	
83	21.000000000	
84	26.000000000	
85	15.000000000	
86	22.000000000	
87	13.000000000	
88	17.000000000	
89	10.142231941	
90	18.166301727	
91	11.190372467	
92	15.214442253	
93	11.000000000	
94	14.000000000	
95	13.000000000	
96	13.000000000	
97	11.000000000	
98	15.000000000	
99	10.000000000	
100	14.000000000	
101	11.000000000	
102	16.000000000	
103	11.000000000	
104	12.000000000	
105	7.000000000	
106	13.000000000	
107	7.000000000	
108	15.000000000	
109	8.000000000	
110	17.000000000	
111	8.000000000	
112	10.000000000	
113	8.280087471	
114	12.000000000	
115	4.000000000	
116	15.000000000	
117	7.000000000	
118	15.000000000	
119	8.000000000	
120	15.000000000	
121	4.000000000	
122	14.000000000	
123	6.039387226	
124	14.000000000	
125	7.000000000	
126	16.000000000	
127	8.000000000	
128	14.000000000	
129	5.000000000	
130	17.000000000	
131	6.000000000	
132	16.000000000	
133	8.000000000	
134	15.000000000	
135	11.249452591	
136	16.273523331	
137	11.000000000	
138	18.678337097	
139	17.654266357	
140	26.000000000	
141	29.393873215	
142	39.417942047	
143	41.000000000	
144	50.067832947	
145	51.509845734	
146	59.000000000	
147	47.538291931	
148	53.562362671	
149	36.000000000	
150	34.389495850	
151	24.365427017	
152	21.000000000	
153	11.317286491	
154	17.293216705	
155	10.000000000	
156	17.754922867	
157	9.000000000	
158	18.196935654	
159	10.000000000	
160	13.851203918	
161	5.000000000	
162	13.000000000	
163	5.000000000	
164	13.000000000	
165	6.971553802	
166	15.000000000	
167	6.000000000	
168	11.000000000	
169	7.000000000	
170	11.000000000	
171	4.000000000	
172	13.000000000	
173	6.000000000	
174	14.000000000	
175	7.000000000	
176	14.000000000	
177	4.000000000	
178	11.000000000	
179	9.000000000	
180	12.000000000	
181	7.000000000	
182	12.000000000	
183	10.000000000	
184	14.000000000	
185	7.547046185	
186	14.522975922	
187	12.997812271	
188	21.474836349	
189	24.450765610	
190	36.426696777	
191	44.402626038	
192	60.000000000	
193	57.291027069	
194	58.669582367	
195	43.306346893	
196	41.564552307	
197	23.258205414	
198	24.000000000	
199	12.000000000	
200	15.814003944	
201	6.000000000	
202	14.000000000	
203	7.000000000	
204	14.910284042	
205	7.000000000	
206	14.000000000	
207	5.000000000	
208	12.006564140	
209	8.969365120	
210	13.000000000	
211	5.000000000	
212	13.000000000	
213	5.126914501	
214	14.150984764	
215	7.175054550	
216	12.199124336	
217	4.446389675	
218	12.247264862	
219	8.185996056	
220	12.590809822	
221	7.361050129	
222	15.030634880	
223	9.264770508	
224	11.608315468	
225	11.415755272	
226	18.560174942	
227	19.072210312	
228	30.000000000	
229	39.000000000	
230	54.463893890	
231	53.439823151	
232	54.000000000	
233	36.608314514	
234	34.367614746	
235	12.687089920	
236	18.638950348	
237	10.704595566	
238	16.457330704	
239	9.000000000	
240	10.223195076	
241	9.000000000	
242	14.000000000	
243	4.000000000	
244	12.000000000	
245	6.000000000	
246	15.921225548	
247	6.945295334	
248	13.938731194	
249	4.993435383	
250	14.000000000	
251	6.000000000	
252	13.000000000	
253	5.000000000	
254	14.000000000	
255	7.137855530	
256	15.000000000	
257	8.000000000	
258	16.000000000	
259	12.234135628	
260	25.000000000	
261	31.000000000	
262	42.612689972	
263	50.660831451	
264	57.000000000	
265	39.000000000	
266	36.000000000	
267	17.000000000	
268	19.000000000	
269	10.525163651	
270	18.000000000	
271	8.000000000	
272	14.452954292	
273	6.000000000	
274	13.000000000	
275	6.000000000	
276	14.000000000	
277	6.000000000	
278	15.000000000	
279	7.000000000	
280	11.000000000	
281	4.000000000	
282	16.000000000	
283	6.000000000	
284	14.000000000	
285	7.000000000	
286	15.000000000	
287	11.000000000	
288	15.000000000	
289	16.956235886	
290	26.000000000	
291	43.000000000	
292	52.000000000	
293	49.000000000	
294	47.923412323	
295	21.000000000	
296	16.124727249	
297	10.851203918	
298	14.827133179	
299	6.000000000	
300	15.000000000	
301	6.000000000	
302	13.269146919	
303	7.000000000	
304	14.317286491	
305	4.000000000	
306	13.000000000	
307	7.000000000	
308	14.000000000	
309	4.000000000	
310	13.000000000	
311	8.000000000	
312	14.000000000	
313	6.533916950	
314	16.000000000	
315	13.582056999	
316	21.000000000	
317	30.000000000	
318	46.654266357	
319	46.000000000	
320	48.702407837	
321	23.273523331	
322	22.249452591	
323	8.000000000	
324	14.000000000	
325	7.000000000	
326	17.000000000	
327	8.000000000	
328	11.894967079	
329	5.080962658	
330	14.000000000	
331	6.032822609	
332	14.000000000	
333	6.000000000	
334	15.960612297	
335	8.000000000	
336	15.000000000	
337	8.111597061	
338	16.000000000	
339	9.000000000	
340	18.183807373	
341	26.000000000	
342	43.000000000	
343	51.743984222	
344	55.439823151	
345	25.695842743	
346	24.671772003	
347	10.000000000	
348	16.000000000	
349	7.000000000	
350	15.000000000	
351	7.000000000	
352	12.000000000	
353	7.000000000	
354	13.000000000	
355	5.000000000	
356	13.000000000	
357	5.000000000	
358	15.000000000	
359	8.000000000	
360	12.000000000	
361	7.000000000	
362	13.000000000	
363	14.000000000	
364	26.238512039	
365	43.214443207	
366	54.190372467	
367	34.000000000	
368	30.857767105	
369	13.000000000	
370	16.094091415	
371	7.000000000	
372	15.000000000	
373	7.000000000	
374	15.000000000	
375	6.000000000	
376	11.000000000	
377	4.000000000	
378	14.000000000	
379	6.000000000	
380	13.000000000	
381	7.000000000	
382	17.000000000	
383	10.000000000	
384	15.000000000	
385	15.000000000	
386	30.291028976	
387	49.315097809	
388	50.000000000	
389	25.636760712	
390	20.000000000	
391	11.000000000	
392	13.000000000	
393	6.000000000	
394	12.000000000	
395	5.000000000	
396	14.000000000	
397	6.000000000	
398	15.000000000	
399	8.000000000	
400	14.000000000	
401	5.000000000	
402	14.000000000	
403	7.000000000	
404	17.000000000	
405	15.000000000	
406	27.000000000	
407	46.000000000	
408	52.820568085	
409	32.000000000	
410	25.131290436	
411	9.000000000	
412	15.083150864	
413	7.000000000	
414	15.964988708	
415	8.000000000	
416	12.000000000	
417	7.000000000	
418	14.000000000	
419	5.000000000	
420	13.000000000	
421	7.000000000	
422	15.000000000	
423	7.000000000	
424	14.000000000	
425	21.229759216	
426	34.253829956	
427	45.277900696	
428	48.698032379	
429	18.000000000	
430	19.649890900	
431	11.000000000	
432	16.000000000	
433	5.000000000	
434	14.000000000	
435	8.000000000	
436	14.000000000	
437	4.000000000	
438	15.000000000	
439	8.000000000	
440	13.000000000	
441	6.000000000	
442	15.000000000	
443	14.000000000	
444	25.000000000	
445	45.711158752	
446	54.000000000	
447	27.240699768	
448	21.216630936	
449	9.000000000	
450	15.831509590	
451	9.000000000	
452	10.120349884	
453	10.000000000	
454	13.000000000	
455	6.951859951	
456	12.000000000	
457	0.000000000	
