0	15.000000000	
1	18.991323471	
2	13.026030540	
3	15.980477333	
4	13.238917351	
5	18.163814545	
6	14.869443893	
7	18.646369934	
8	14.507837296	
9	18.119131088	
10	14.516268730	
11	18.577007294	
12	13.153980255	
13	18.830802917	
14	17.060737610	
15	19.902385712	
16	16.138828278	
17	19.852495193	
18	16.156181335	
19	18.876356125	
20	14.422353745	
21	17.830337524	
22	16.095445633	
23	21.323492050	
24	17.750541687	
25	22.700735092	
26	18.828506470	
27	18.639913559	
28	19.262985229	
29	21.112798691	
30	17.438177109	
31	19.091905594	
32	15.337971687	
33	21.499225616	
34	21.013475418	
35	22.606081009	
36	18.361320496	
37	21.678958893	
38	20.164859772	
39	24.577007294	
40	21.347070694	
41	22.822126389	
42	19.364425659	
43	23.533622742	
44	20.990047455	
45	25.245119095	
46	20.392623901	
47	27.039045334	
48	19.032405853	
49	26.937093735	
50	20.867679596	
51	22.581296921	
52	20.601512909	
53	22.899374008	
54	21.267051697	
55	25.403470993	
56	22.133346558	
57	25.919738770	
58	23.397659302	
59	24.577007294	
60	25.832298279	
61	30.338394165	
62	25.806941986	
63	31.906724930	
64	31.277656555	
65	35.295009613	
66	40.277973175	
67	47.150535583	
68	51.058891296	
69	54.476852417	
70	64.790229797	
71	71.451194763	
72	77.316703796	
73	82.451934814	
74	80.900230408	
75	77.298706055	
76	73.955055237	
77	76.411170959	
78	66.671661377	
79	64.904968262	
80	55.984985352	
81	50.992385864	
82	45.077663422	
83	44.711154938	
84	35.781856537	
85	34.490238190	
86	29.672451019	
87	30.865509033	
88	27.794689178	
89	28.396963120	
90	23.772233963	
91	25.249528885	
92	22.622560501	
93	24.895877838	
94	22.628366470	
95	27.247287750	
96	21.381778717	
97	26.431671143	
98	17.906724930	
99	19.750541687	
100	16.291759491	
101	20.331886292	
102	15.100159645	
103	17.138828278	
104	15.993492126	
105	16.630435944	
106	14.352378845	
107	11.965292931	
108	12.297429085	
109	13.673801422	
110	10.954446793	
111	13.036876678	
112	10.971800804	
113	14.529284477	
114	12.989153862	
115	12.000000000	
116	11.285717964	
117	13.344902039	
118	9.578545570	
119	15.418655396	
120	10.389632225	
121	14.030928612	
122	11.767895699	
123	14.457700729	
124	10.477439880	
125	12.780911446	
126	12.641498566	
127	14.898047447	
128	13.110629082	
129	16.202314377	
130	15.741865158	
131	17.819955826	
132	16.920925140	
133	19.947938919	
134	19.566160202	
135	23.099655151	
136	22.404769897	
137	23.965217590	
138	21.642082214	
139	22.422992706	
140	18.280622482	
141	22.247287750	
142	23.875730515	
143	30.902385712	
144	36.829818726	
145	50.073722839	
146	65.301521301	
147	74.575973511	
148	79.011703491	
149	79.305572510	
150	66.071586609	
151	56.466377258	
152	40.847549438	
153	35.336227417	
154	28.674619675	
155	25.663774490	
156	23.386587143	
157	22.941173553	
158	21.039590836	
159	22.736431122	
160	21.017353058	
161	21.173536301	
162	18.917570114	
163	17.681701660	
164	14.134490013	
165	13.276400566	
166	11.440346718	
167	13.188719749	
168	12.457700729	
169	12.900217056	
170	11.475053787	
171	13.145336151	
172	10.478446960	
173	11.778741837	
174	12.405639648	
175	13.997830391	
176	13.478103638	
177	15.178208351	
178	14.789587975	
179	15.244921684	
180	14.917119026	
181	15.195227623	
182	14.681127548	
183	17.457616806	
184	18.516984940	
185	21.260864258	
186	21.735956192	
187	21.472885132	
188	20.978307724	
189	21.221258163	
190	21.331886292	
191	25.601884842	
192	34.054168701	
193	44.537067413	
194	62.761566162	
195	80.032539368	
196	77.940269470	
197	68.040863037	
198	52.993492126	
199	42.825885773	
200	32.375270844	
201	27.255966187	
202	23.532897949	
203	21.193204880	
204	19.436008453	
205	20.288478851	
206	19.951101303	
207	17.742858887	
208	15.750010490	
209	15.555150032	
210	13.475162506	
211	12.015805244	
212	10.289425850	
213	10.626897812	
214	11.926247597	
215	13.107174873	
216	13.342234612	
217	13.937093735	
218	13.650758743	
219	14.323210716	
220	12.599550247	
221	12.595484734	
222	15.514100075	
223	15.192154884	
224	16.111856461	
225	21.275487900	
226	21.468545914	
227	20.978307724	
228	21.347894669	
229	21.704397202	
230	26.017320633	
231	35.633403778	
232	55.790180206	
233	75.293663025	
234	73.472328186	
235	60.109630585	
236	45.613529205	
237	31.654155731	
238	24.838575363	
239	21.710170746	
240	22.138828278	
241	22.069414139	
242	20.373102188	
243	16.286334991	
244	14.021842957	
245	14.342733383	
246	13.268980026	
247	13.177874565	
248	13.841649055	
249	11.299348831	
250	10.796095848	
251	11.555314064	
252	12.466377258	
253	10.158350945	
254	12.844810486	
255	13.504246712	
256	15.110629082	
257	17.540130615	
258	21.119306564	
259	21.314533234	
260	22.127983093	
261	22.237524033	
262	23.913232803	
263	27.421157837	
264	42.703174591	
265	64.996932983	
266	74.061729431	
267	67.336585999	
268	48.601760864	
269	29.885154724	
270	24.887201309	
271	21.918384552	
272	22.856376648	
273	21.634040833	
274	20.329416275	
275	15.836336136	
276	12.875306129	
277	10.526399612	
278	11.694143295	
279	11.524946213	
280	12.036876678	
281	10.952277184	
282	12.835141182	
283	11.072868347	
284	11.153678894	
285	12.908893585	
286	15.240780830	
287	16.264642715	
288	19.624729156	
289	20.865509033	
290	22.516269684	
291	21.475053787	
292	25.099782944	
293	34.214195251	
294	56.327350616	
295	74.859794617	
296	65.158348083	
297	40.157058716	
298	30.889371872	
299	21.891530991	
300	23.190071106	
301	20.898305893	
302	20.861171722	
303	14.028199196	
304	12.934924126	
305	10.045553207	
306	13.113273621	
307	8.905745506	
308	11.336225510	
309	10.659436226	
310	11.017354012	
311	10.626897812	
312	12.707158089	
313	12.247288704	
314	16.681127548	
315	17.266811371	
316	19.370933533	
317	19.561822891	
318	21.856786728	
319	24.650466919	
320	45.574737549	
321	69.019332886	
322	66.813529968	
323	42.050014496	
324	30.908969879	
325	21.260303497	
326	20.028200150	
327	18.842510223	
328	20.980476379	
329	15.718634605	
330	13.338395119	
331	9.668112755	
332	9.719594955	
333	7.880962372	
334	11.611713409	
335	9.746204376	
336	11.999896049	
337	11.813448906	
338	14.870069504	
339	15.032538414	
340	19.343292236	
341	16.971799850	
342	18.112121582	
343	22.104751587	
344	36.586627960	
345	59.919097900	
346	68.725616455	
347	47.718006134	
348	35.916110992	
349	19.774402618	
350	22.019523621	
351	20.158351898	
352	19.818605423	
353	14.000000000	
354	12.839479446	
355	10.250427246	
356	12.783080101	
357	8.895878792	
358	13.528493881	
359	11.221258163	
360	11.342733383	
361	10.952277184	
362	17.788043976	
363	17.840181351	
364	19.907943726	
365	17.552618027	
366	24.131982803	
367	35.718704224	
368	53.798957825	
369	59.345081329	
370	47.748374939	
371	23.947938919	
372	21.057062149	
373	19.071582794	
374	19.140033722	
375	13.373102188	
376	14.262473106	
377	11.364424706	
378	12.099782944	
379	9.086768150	
380	12.779814720	
381	7.848762989	
382	13.846123695	
383	11.840505600	
384	16.310440063	
385	18.288503647	
386	21.498153687	
387	18.517139435	
388	26.965246201	
389	48.060440063	
390	65.905715942	
391	48.756557465	
392	36.006507874	
393	19.461713791	
394	21.322555542	
395	17.135732651	
396	16.337387085	
397	7.407333851	
398	12.861025810	
399	9.237581253	
400	11.210412025	
401	10.429501534	
402	14.645178795	
403	12.537961006	
404	16.961683273	
405	16.258016586	
406	18.824295044	
407	13.957096100	
408	24.663290024	
409	38.643741608	
410	60.737339020	
411	58.221935272	
412	40.408908844	
413	19.605205536	
414	23.518804550	
415	17.900217056	
416	16.440361023	
417	11.582619667	
418	13.533622742	
419	9.405334473	
420	12.927329063	
421	7.374880791	
422	13.937093735	
423	12.253795624	
424	15.661604881	
425	14.964676857	
426	19.275487900	
427	16.702819824	
428	24.448709488	
429	57.285011292	
430	70.630668640	
431	36.939990997	
432	26.336051941	
433	20.303688049	
434	24.451795578	
435	15.522776604	
436	14.355748177	
437	11.561821938	
438	13.247288704	
439	10.606513977	
440	15.772233963	
441	11.216919899	
442	15.993652344	
443	16.105594635	
444	20.778741837	
445	15.236442566	
446	21.449748993	
447	33.275695801	
448	64.077644348	
449	44.772785187	
450	35.854663849	
451	16.457700729	
452	19.385942459	
453	16.008432388	
454	16.312416077	
455	9.052061081	
456	12.967461586	
457	10.034707069	
458	13.980477333	
459	11.025503159	
460	16.939262390	
461	0.000000000	
