0	14.000000000	
1	21.000000000	
2	12.000000000	
3	19.000000000	
4	14.034934044	
5	17.000000000	
6	15.000000000	
7	20.938863754	
8	15.000000000	
9	18.000000000	
10	15.912663460	
11	20.903930664	
12	17.000000000	
13	21.000000000	
14	18.000000000	
15	22.000000000	
16	17.000000000	
17	19.000000000	
18	16.000000000	
19	23.000000000	
20	16.000000000	
21	24.183406830	
22	16.192140579	
23	23.000000000	
24	16.000000000	
25	25.000000000	
26	18.545850754	
27	22.764192581	
28	16.000000000	
29	25.253274918	
30	17.262008667	
31	28.000000000	
32	21.720523834	
33	23.711790085	
34	21.703056335	
35	27.000000000	
36	19.000000000	
37	29.000000000	
38	23.000000000	
39	29.340610504	
40	20.349344254	
41	28.000000000	
42	24.633188248	
43	31.000000000	
44	21.615720749	
45	29.000000000	
46	22.401746750	
47	30.410480499	
48	22.000000000	
49	29.000000000	
50	25.563318253	
51	29.000000000	
52	27.000000000	
53	31.000000000	
54	26.000000000	
55	31.000000000	
56	28.000000000	
57	29.000000000	
58	28.506549835	
59	29.515283585	
60	28.524017334	
61	37.000000000	
62	34.458515167	
63	40.449783325	
64	41.441047668	
65	49.432315826	
66	48.270740509	
67	61.414848328	
68	65.406112671	
69	74.602622986	
70	75.834060669	
71	82.860260010	
72	79.886459351	
73	85.275108337	
74	75.000000000	
75	83.000000000	
76	69.663757324	
77	75.672485352	
78	56.362445831	
79	64.689956665	
80	47.000000000	
81	48.292575836	
82	38.716156006	
83	40.724891663	
84	30.200872421	
85	35.227073669	
86	31.253274918	
87	31.519651413	
88	30.000000000	
89	31.222707748	
90	23.786026001	
91	31.000000000	
92	25.000000000	
93	32.000000000	
94	20.820960999	
95	27.829694748	
96	20.838428497	
97	26.847162247	
98	17.711790085	
99	19.864629745	
100	15.873362541	
101	21.000000000	
102	17.109170914	
103	20.100437164	
104	13.091703415	
105	15.082969666	
106	14.000000000	
107	17.000000000	
108	12.000000000	
109	16.000000000	
110	12.000000000	
111	16.000000000	
112	11.000000000	
113	14.000000000	
114	13.000000000	
115	16.004365921	
116	13.013100624	
117	18.021833420	
118	13.030568123	
119	14.039300919	
120	11.048034668	
121	18.056768417	
122	8.000000000	
123	17.000000000	
124	10.000000000	
125	19.000000000	
126	13.000000000	
127	21.109170914	
128	14.117903709	
129	21.253274918	
130	17.000000000	
131	24.000000000	
132	20.000000000	
133	26.161571503	
134	22.000000000	
135	25.000000000	
136	26.000000000	
137	26.000000000	
138	26.000000000	
139	31.000000000	
140	26.777292252	
141	35.000000000	
142	34.759826660	
143	47.751091003	
144	62.742359161	
145	73.000000000	
146	76.100433350	
147	82.567687988	
148	67.000000000	
149	70.698692322	
150	45.000000000	
151	48.000000000	
152	30.672489166	
153	35.663757324	
154	24.344978333	
155	31.000000000	
156	22.637554169	
157	30.257642746	
158	21.240175247	
159	26.611352921	
160	17.000000000	
161	25.406112671	
162	13.585152626	
163	18.000000000	
164	14.000000000	
165	17.000000000	
166	13.000000000	
167	17.000000000	
168	12.532751083	
169	14.524017334	
170	12.000000000	
171	16.000000000	
172	13.000000000	
173	17.000000000	
174	13.000000000	
175	17.000000000	
176	13.000000000	
177	16.000000000	
178	12.000000000	
179	17.563318253	
180	15.000000000	
181	20.000000000	
182	18.000000000	
183	23.401746750	
184	20.393013000	
185	24.000000000	
186	21.000000000	
187	28.366811752	
188	24.000000000	
189	32.000000000	
190	33.000000000	
191	49.000000000	
192	67.000000000	
193	78.000000000	
194	79.388648987	
195	77.406112671	
196	55.711791992	
197	54.000000000	
198	32.000000000	
199	31.737991333	
200	25.253274918	
201	26.000000000	
202	21.235807419	
203	27.227073669	
204	18.000000000	
205	23.000000000	
206	12.799126625	
207	20.000000000	
208	13.000000000	
209	18.000000000	
210	11.000000000	
211	14.000000000	
212	10.000000000	
213	14.000000000	
214	12.000000000	
215	16.000000000	
216	12.000000000	
217	15.000000000	
218	9.096070290	
219	18.000000000	
220	12.000000000	
221	19.000000000	
222	17.061136246	
223	20.052402496	
224	22.000000000	
225	26.965065002	
226	18.052402496	
227	29.017467499	
228	26.008733749	
229	44.000000000	
230	61.000000000	
231	78.000000000	
232	75.000000000	
233	68.000000000	
234	45.043666840	
235	42.052402496	
236	25.061136246	
237	30.000000000	
238	22.000000000	
239	29.087335587	
240	19.000000000	
241	21.000000000	
242	15.886463165	
243	18.000000000	
244	14.000000000	
245	16.139738083	
246	10.000000000	
247	15.000000000	
248	14.000000000	
249	18.000000000	
250	8.183405876	
251	17.000000000	
252	13.000000000	
253	16.790393829	
254	16.000000000	
255	19.772926331	
256	16.000000000	
257	25.000000000	
258	20.000000000	
259	29.737991333	
260	25.000000000	
261	34.720523834	
262	41.000000000	
263	62.703056335	
264	75.000000000	
265	77.000000000	
266	45.353710175	
267	39.668121338	
268	24.659389496	
269	31.301309586	
270	20.641921997	
271	25.633188248	
272	15.624454498	
273	19.000000000	
274	12.393013000	
275	15.401746750	
276	10.410480499	
277	14.419214249	
278	11.427947998	
279	15.873362541	
280	12.890830040	
281	16.908296585	
282	10.000000000	
283	16.000000000	
284	13.000000000	
285	19.000000000	
286	19.000000000	
287	25.493450165	
288	22.484716415	
289	29.000000000	
290	24.934497833	
291	37.248908997	
292	59.148471832	
293	77.471618652	
294	56.755458832	
295	56.458515167	
296	29.074235916	
297	28.593887329	
298	20.000000000	
299	26.611352921	
300	15.000000000	
301	19.000000000	
302	10.000000000	
303	18.000000000	
304	10.000000000	
305	16.000000000	
306	9.344978333	
307	16.362445831	
308	9.379912376	
309	16.698690414	
310	8.707423210	
311	19.716157913	
312	14.724890709	
313	20.733623505	
314	17.515283585	
315	25.000000000	
316	23.000000000	
317	31.768558502	
318	44.777294159	
319	68.000000000	
320	65.000000000	
321	55.000000000	
322	26.000000000	
323	29.000000000	
324	20.829694748	
325	27.000000000	
326	14.152838707	
327	21.000000000	
328	12.000000000	
329	15.000000000	
330	8.117903709	
331	13.000000000	
332	10.000000000	
333	14.908296585	
334	11.000000000	
335	16.000000000	
336	15.000000000	
337	21.056768417	
338	17.000000000	
339	26.000000000	
340	17.030567169	
341	29.021833420	
342	37.000000000	
343	57.995632172	
344	72.000000000	
345	66.000000000	
346	29.000000000	
347	29.969432831	
348	19.000000000	
349	27.000000000	
350	15.056768417	
351	18.934497833	
352	10.000000000	
353	18.000000000	
354	6.000000000	
355	18.000000000	
356	8.000000000	
357	16.000000000	
358	10.000000000	
359	19.000000000	
360	15.000000000	
361	19.152837753	
362	20.323144913	
363	26.340610504	
364	24.000000000	
365	35.812225342	
366	66.803489685	
367	78.000000000	
368	38.213973999	
369	31.445415497	
370	21.000000000	
371	27.000000000	
372	19.000000000	
373	24.000000000	
374	11.266375542	
375	18.000000000	
376	11.000000000	
377	18.000000000	
378	9.000000000	
379	14.689956665	
380	11.000000000	
381	16.000000000	
382	17.000000000	
383	23.000000000	
384	20.000000000	
385	26.000000000	
386	25.000000000	
387	46.000000000	
388	73.611351013	
389	65.000000000	
390	30.000000000	
391	28.000000000	
392	22.000000000	
393	25.567686081	
394	12.000000000	
395	16.000000000	
396	8.000000000	
397	17.000000000	
398	8.000000000	
399	17.000000000	
400	10.000000000	
401	18.000000000	
402	13.000000000	
403	22.000000000	
404	19.000000000	
405	26.000000000	
406	24.000000000	
407	37.000000000	
408	73.000000000	
409	76.000000000	
410	32.742359161	
411	29.000000000	
412	18.803493500	
413	21.179039001	
414	15.384279251	
415	15.624454498	
416	11.633188248	
417	18.000000000	
418	7.000000000	
419	16.000000000	
420	10.000000000	
421	18.000000000	
422	11.000000000	
423	23.000000000	
424	20.000000000	
425	26.000000000	
426	32.000000000	
427	49.000000000	
428	66.000000000	
429	52.000000000	
430	23.000000000	
431	26.000000000	
432	18.000000000	
433	20.000000000	
434	11.000000000	
435	14.799126625	
436	10.807860374	
437	14.816594124	
438	12.825327873	
439	17.834060669	
440	14.000000000	
441	18.000000000	
442	16.139738083	
443	26.868995667	
444	24.000000000	
445	37.000000000	
446	67.000000000	
447	70.096069336	
448	29.000000000	
449	30.000000000	
450	17.000000000	
451	23.000000000	
452	12.000000000	
453	17.000000000	
454	9.000000000	
455	18.000000000	
456	10.000000000	
457	15.008733749	
458	0.000000000	
