0	51.000000000	
1	56.898895264	
2	58.289180756	
3	49.561126709	
4	44.750823975	
5	53.541133881	
6	48.837524414	
7	49.703022003	
8	53.229057312	
9	52.379905701	
10	49.560344696	
11	51.200538635	
12	57.605831146	
13	52.598087311	
14	50.990562439	
15	54.881267548	
16	55.060211182	
17	53.329204559	
18	56.680179596	
19	57.598335266	
20	50.659900665	
21	48.468353271	
22	55.140716553	
23	51.541385651	
24	52.032367706	
25	56.109527588	
26	54.054798126	
27	51.752605438	
28	55.284873962	
29	56.630847931	
30	51.653259277	
31	51.264755249	
32	58.039703369	
33	53.850826263	
34	51.455768585	
35	55.531307220	
36	57.421085358	
37	55.380458832	
38	57.413501740	
39	60.398174286	
40	61.399971008	
41	60.088607788	
42	66.481010437	
43	64.949920654	
44	64.785484314	
45	69.703094482	
46	69.375030518	
47	70.154869080	
48	70.802757263	
49	73.247001648	
50	69.160606384	
51	69.937828064	
52	72.360908508	
53	69.022430420	
54	67.012016296	
55	68.352043152	
56	74.080795288	
57	75.690437317	
58	77.105125427	
59	77.738464355	
60	76.349624634	
61	74.691894531	
62	78.822906494	
63	79.245475769	
64	77.829872131	
65	76.602111816	
66	74.680015564	
67	80.196922302	
68	80.049209595	
69	85.053039551	
70	82.647956848	
71	76.681747437	
72	79.220634460	
73	77.369316101	
74	77.266876221	
75	78.872619629	
76	81.536308289	
77	78.089263916	
78	74.240669250	
79	75.555557251	
80	70.521583557	
81	64.845054626	
82	64.385017395	
83	61.242839813	
84	58.678897858	
85	54.975341797	
86	56.776763916	
87	56.041179657	
88	54.753440857	
89	55.478912354	
90	56.261337280	
91	54.473426819	
92	54.287986755	
93	54.752445221	
94	52.814525604	
95	50.001903534	
96	52.232334137	
97	56.596679688	
98	53.121276855	
99	53.043903351	
100	55.055385590	
101	55.412826538	
102	54.372055054	
103	53.821216583	
104	56.303707123	
105	54.954334259	
106	56.540904999	
107	58.167564392	
108	52.684024811	
109	54.991188049	
110	56.356513977	
111	54.240024567	
112	52.462905884	
113	51.372375488	
114	58.243869781	
115	54.909576416	
116	55.813686371	
117	56.993911743	
118	52.684272766	
119	56.383964539	
120	54.340488434	
121	55.632804871	
122	55.732681274	
123	57.449127197	
124	65.146827698	
125	66.312965393	
126	71.025634766	
127	72.103416443	
128	68.743362427	
129	70.179939270	
130	73.097045898	
131	78.793869019	
132	78.774238586	
133	77.750198364	
134	81.067222595	
135	78.984298706	
136	78.341644287	
137	80.104240417	
138	76.425254822	
139	71.235061646	
140	75.883140564	
141	74.120811462	
142	64.150032043	
143	61.536453247	
144	63.177696228	
145	61.161033630	
146	55.010948181	
147	57.257652283	
148	56.298725128	
149	51.330947876	
150	52.996795654	
151	58.041213989	
152	54.553863525	
153	53.987663269	
154	57.406646729	
155	57.089000702	
156	58.273834229	
157	59.986042023	
158	58.555557251	
159	55.276237488	
160	53.765655518	
161	60.389183044	
162	59.288093567	
163	61.054016113	
164	64.473449707	
165	53.682102203	
166	52.951770782	
167	58.146488190	
168	60.054157257	
169	61.804199219	
170	63.400184631	
171	73.540618896	
172	69.267089844	
173	70.685096741	
174	81.912513733	
175	77.303527832	
176	71.235275269	
177	78.953529358	
178	81.266624451	
179	77.916854858	
180	80.357315063	
181	84.141036987	
182	73.348106384	
183	66.177215576	
184	63.544303894	
185	59.643199921	
186	56.380065918	
187	57.014812469	
188	58.958553314	
189	51.771831512	
190	61.733783722	
191	65.908706665	
192	53.322223663	
193	49.013992310	
194	52.295715332	
195	49.453453064	
196	50.650161743	
197	51.599887848	
198	53.826469421	
199	51.660686493	
200	51.286315918	
201	58.973720551	
202	53.468032837	
203	50.749343872	
204	55.397052765	
205	62.316596985	
206	63.545372009	
207	62.853069305	
208	67.921714783	
209	71.649307251	
210	71.731773376	
211	75.015258789	
212	74.719543457	
213	73.220794678	
214	72.142410278	
215	67.799530029	
216	62.797309875	
217	60.288558960	
218	61.091331482	
219	57.374458313	
220	52.400684357	
221	52.405097961	
222	52.241786957	
223	46.900604248	
224	46.804447174	
225	49.693477631	
226	50.359790802	
227	50.257793427	
228	53.894088745	
229	52.453578949	
230	46.821609497	
231	50.219837189	
232	47.321102142	
233	54.120029449	
234	52.900177002	
235	57.733535767	
236	62.403442383	
237	63.000000000	
