0	36.000000000	
1	31.551181793	
2	30.895654678	
3	30.881889343	
4	29.393701553	
5	33.748031616	
6	32.425197601	
7	31.036720276	
8	32.842517853	
9	31.322834015	
10	33.198398590	
11	32.041385651	
12	33.760368347	
13	33.947345734	
14	30.992126465	
15	30.051181793	
16	30.763778687	
17	28.457050323	
18	32.787403107	
19	33.444805145	
20	31.590551376	
21	31.330940247	
22	28.306900024	
23	29.426343918	
24	31.569160461	
25	29.291337967	
26	28.925848007	
27	29.633857727	
28	30.622047424	
29	31.509656906	
30	29.771654129	
31	31.773342133	
32	30.795274734	
33	31.451562881	
34	35.839668274	
35	29.888492584	
36	30.469589233	
37	33.405620575	
38	28.362514496	
39	32.598907471	
40	36.740158081	
41	32.868976593	
42	34.307086945	
43	35.147853851	
44	32.039741516	
45	31.084180832	
46	31.769359589	
47	33.481895447	
48	33.417324066	
49	34.318943024	
50	35.055118561	
51	32.145668030	
52	36.545909882	
53	36.199253082	
54	31.800668716	
55	39.352764130	
56	40.141731262	
57	39.299213409	
58	43.141731262	
59	42.483043671	
60	46.142414093	
61	50.041633606	
62	50.589435577	
63	50.824680328	
64	57.314590454	
65	62.452228546	
66	62.234298706	
67	60.303661346	
68	67.617149353	
69	65.258880615	
70	65.217803955	
71	69.947189331	
72	61.407836914	
73	62.980316162	
74	67.542869568	
75	64.138427734	
76	63.159961700	
77	65.417633057	
78	62.657199860	
79	59.588443756	
80	57.407093048	
81	53.340892792	
82	51.010665894	
83	42.695999146	
84	43.948169708	
85	43.592411041	
86	44.939613342	
87	46.511810303	
88	41.700786591	
89	44.829051971	
90	44.084754944	
91	42.105415344	
92	47.607601166	
93	45.763778687	
94	44.365367889	
95	46.685039520	
96	45.207267761	
97	44.185939789	
98	43.196849823	
99	42.670360565	
100	42.125362396	
101	40.854331970	
102	40.564014435	
103	36.314960480	
104	35.388370514	
105	38.157482147	
106	34.251968384	
107	31.795274734	
108	33.009609222	
109	34.834476471	
110	36.557441711	
111	36.347434998	
112	32.565567017	
113	34.022861481	
114	33.968502045	
115	32.413387299	
116	35.771652222	
117	36.464565277	
118	35.367660522	
119	35.712596893	
120	37.259841919	
121	34.366001129	
122	31.437597275	
123	36.738250732	
124	36.696323395	
125	36.409465790	
126	46.023124695	
127	44.750000000	
128	44.425693512	
129	58.377967834	
130	59.768241882	
131	62.004062653	
132	64.198028564	
133	62.248310089	
134	64.615539551	
135	65.126480103	
136	63.504741669	
137	61.433845520	
138	59.341560364	
139	57.568046570	
140	49.984252930	
141	47.732284546	
142	47.921260834	
143	42.725387573	
144	45.486576080	
145	48.834815979	
146	42.974643707	
147	47.281620026	
148	48.709468842	
149	42.088489532	
150	41.871475220	
151	40.586349487	
152	39.878974915	
153	41.023620605	
154	38.756526947	
155	36.262710571	
156	34.252155304	
157	35.850395203	
158	36.011531830	
159	34.472442627	
160	36.733833313	
161	33.926963806	
162	33.795276642	
163	40.732284546	
164	35.102363586	
165	32.443843842	
166	39.708660126	
167	39.189270020	
168	39.353462219	
169	39.173229218	
170	40.991256714	
171	49.926048279	
172	55.311489105	
173	58.988838196	
174	59.732284546	
175	61.460628510	
176	65.757827759	
177	62.608112335	
178	61.983013153	
179	60.996063232	
180	53.409450531	
181	53.845588684	
182	52.031806946	
183	42.020366669	
184	47.125984192	
185	47.158706665	
186	41.700786591	
187	44.791339874	
188	43.267715454	
189	39.595340729	
190	39.165355682	
191	39.129673004	
192	40.619815826	
193	38.354919434	
194	34.034408569	
195	36.633655548	
196	36.206211090	
197	38.606300354	
198	35.165355682	
199	33.921260834	
200	39.559055328	
201	35.374015808	
202	38.448818207	
203	46.346458435	
204	43.500156403	
205	48.779575348	
206	53.898693085	
207	55.148040771	
208	59.844814301	
209	65.407943726	
210	63.125610352	
211	57.390197754	
212	57.346458435	
213	55.435272217	
214	50.818897247	
215	52.429134369	
216	53.299213409	
217	46.791339874	
218	45.813877106	
219	44.639064789	
220	39.987102509	
221	42.901573181	
222	39.905574799	
223	35.176609039	
224	37.740158081	
225	36.496063232	
226	36.653541565	
227	37.152194977	
228	38.157482147	
229	37.712596893	
230	36.797508240	
231	39.920112610	
232	40.535804749	
233	42.779525757	
234	51.444046021	
235	52.448665619	
236	55.070865631	
237	63.409091949	
238	59.653541565	
239	58.357662201	
240	57.094490051	
241	51.658302307	
242	52.985366821	
243	52.235214233	
244	49.980285645	
245	46.186203003	
246	42.661170959	
247	43.685039520	
248	41.836753845	
249	40.600982666	
250	40.425136566	
251	37.164299011	
252	35.598426819	
253	36.461620331	
254	33.000000000	
