0	43.000000000	
1	47.147060394	
2	49.563026428	
3	45.330802917	
4	44.142856598	
5	43.962184906	
6	42.979309082	
7	42.278545380	
8	46.847610474	
9	46.695713043	
10	41.606594086	
11	43.577644348	
12	47.881080627	
13	42.480651855	
14	42.235294342	
15	48.713119507	
16	40.672267914	
17	37.908164978	
18	43.389236450	
19	44.012744904	
20	37.194618225	
21	40.852939606	
22	44.168067932	
23	39.957984924	
24	39.462184906	
25	44.141021729	
26	42.369747162	
27	39.385635376	
28	42.837371826	
29	44.642856598	
30	44.634914398	
31	42.900287628	
32	40.345172882	
33	39.863285065	
34	41.163265228	
35	43.705883026	
36	41.705883026	
37	37.558822632	
38	42.638656616	
39	46.697479248	
40	41.257469177	
41	40.525211334	
42	44.294116974	
43	43.937538147	
44	41.008403778	
45	40.302520752	
46	41.326812744	
47	41.569591522	
48	45.971260071	
49	51.851211548	
50	49.359226227	
51	51.500000000	
52	56.882354736	
53	57.957984924	
54	57.579830170	
55	61.229431152	
56	63.501731873	
57	62.234977722	
58	61.419601440	
59	64.312759399	
60	65.648895264	
61	68.231376648	
62	72.232749939	
63	70.915222168	
64	68.203445435	
65	68.883415222	
66	71.506744385	
67	73.211601257	
68	68.285713196	
69	75.558822632	
70	76.920417786	
71	71.651931763	
72	72.621849060	
73	71.710578918	
74	68.638587952	
75	71.446228027	
76	74.286842346	
77	69.982696533	
78	63.368831635	
79	65.281509399	
80	59.139114380	
81	51.478851318	
82	55.176471710	
83	54.698642731	
84	48.173011780	
85	48.132652283	
86	52.974788666	
87	49.764068604	
88	47.796058655	
89	47.513980865	
90	46.538028717	
91	42.477508545	
92	48.260505676	
93	53.082267761	
94	46.707717896	
95	46.609245300	
96	51.952262878	
97	50.521007538	
98	47.294116974	
99	50.042015076	
100	50.197303772	
101	48.491596222	
102	49.122447968	
103	49.627990723	
104	43.232257843	
105	43.764705658	
106	49.283172607	
107	47.040744781	
108	41.245815277	
109	45.962184906	
110	45.318904877	
111	42.303085327	
112	42.993080139	
113	45.831932068	
114	40.530681610	
115	37.227031708	
116	41.032482147	
117	40.844501495	
118	37.444320679	
119	39.000000000	
120	41.056705475	
121	41.458053589	
122	42.199420929	
123	46.542015076	
124	48.659275055	
125	49.925323486	
126	54.110725403	
127	57.706447601	
128	59.820423126	
129	64.268028259	
130	72.248008728	
131	68.126052856	
132	67.288253784	
133	71.825256348	
134	70.154296875	
135	64.350997925	
136	68.591835022	
137	70.704719543	
138	63.079936981	
139	57.710083008	
140	51.470588684	
141	49.453922272	
142	46.980155945	
143	49.310924530	
144	48.887084961	
145	43.890087128	
146	47.462184906	
147	51.830448151	
148	46.605113983	
149	44.803897858	
150	50.789916992	
151	49.336769104	
152	46.290233612	
153	49.336734772	
154	49.065742493	
155	40.618812561	
156	42.210083008	
157	46.911766052	
158	41.840335846	
159	39.417133331	
160	44.958900452	
161	44.103805542	
162	38.923805237	
163	41.268909454	
164	42.361343384	
165	40.073757172	
166	41.294116974	
167	45.102180481	
168	45.221454620	
169	46.688014984	
170	54.244899750	
171	61.084033966	
172	62.470588684	
173	64.832466125	
174	67.817665100	
175	70.437713623	
176	70.820281982	
177	68.173118591	
178	63.354778290	
179	59.001590729	
180	57.218486786	
181	54.344856262	
182	47.910034180	
183	46.867206573	
184	49.516277313	
185	46.239494324	
186	46.352939606	
187	50.500000000	
188	48.654403687	
189	44.261245728	
190	47.383022308	
191	49.277770996	
192	41.372077942	
193	43.508403778	
194	44.311206818	
195	38.817386627	
196	34.470588684	
197	36.626049042	
198	36.582515717	
199	35.379562378	
200	36.319328308	
201	38.373950958	
202	40.201679230	
203	44.411766052	
204	51.653060913	
205	53.785713196	
206	54.764705658	
207	60.147060394	
208	62.571430206	
209	61.517158508	
210	65.013839722	
211	70.082199097	
212	59.800083160	
213	54.217956543	
214	52.436973572	
215	49.718486786	
216	45.991737366	
217	45.996540070	
218	48.483863831	
219	40.462291718	
220	39.135795593	
221	44.785713196	
222	42.829673767	
223	40.453781128	
224	42.615917206	
225	40.802520752	
226	34.913425446	
227	37.739494324	
228	40.386554718	
229	35.232856750	
230	33.612316132	
231	38.520759583	
232	42.248218536	
233	42.967658997	
234	45.033473969	
235	49.823036194	
236	51.987358093	
237	55.621849060	
238	56.000000000	
