0	25.000000000	
1	25.386758804	
2	23.609973907	
3	24.967264175	
4	24.499065399	
5	23.224298477	
6	26.859813690	
7	24.336448669	
8	27.001869202	
9	24.996261597	
10	24.479604721	
11	24.291589737	
12	19.841121674	
13	27.409748077	
14	23.345794678	
15	24.467288971	
16	24.168224335	
17	22.659236908	
18	23.514490128	
19	23.263551712	
20	24.464756012	
21	22.005083084	
22	22.142841339	
23	25.356082916	
24	25.712148666	
25	28.341253281	
26	23.687326431	
27	27.551996231	
28	27.255865097	
29	26.187807083	
30	28.343173981	
31	28.365726471	
32	30.641611099	
33	30.865438461	
34	32.611652374	
35	33.629837036	
36	33.848598480	
37	37.622428894	
38	34.604751587	
39	37.147663116	
40	35.964187622	
41	34.900199890	
42	34.555839539	
43	34.297195435	
44	39.489719391	
45	34.914665222	
46	34.528972626	
47	34.060947418	
48	36.211215973	
49	38.583351135	
50	36.298542023	
51	41.092006683	
52	40.749759674	
53	44.950893402	
54	46.917251587	
55	45.812034607	
56	48.306121826	
57	43.138843536	
58	43.525321960	
59	42.341285706	
60	43.706176758	
61	45.108375549	
62	43.671638489	
63	47.953269958	
64	44.197151184	
65	47.037384033	
66	45.915889740	
67	45.447513580	
68	47.927471161	
69	40.486995697	
70	45.369815826	
71	40.242992401	
72	40.302734375	
73	37.885982513	
74	32.558128357	
75	32.289718628	
76	29.157638550	
77	27.756643295	
78	25.962615967	
79	25.345794678	
80	25.489126205	
81	21.605344772	
82	23.915887833	
83	21.560747147	
84	24.271028519	
85	24.018692017	
86	22.672897339	
87	23.644859314	
88	21.539680481	
89	25.354213715	
90	23.976854324	
91	24.855201721	
92	24.838693619	
93	25.897195816	
94	28.607477188	
95	23.531051636	
96	28.127433777	
97	24.935348511	
98	24.114368439	
99	25.915887833	
100	23.465192795	
101	26.839199066	
102	24.637191772	
103	27.406829834	
104	26.522911072	
105	24.635513306	
106	25.393623352	
107	26.799999237	
108	26.317756653	
109	26.682243347	
110	27.102804184	
111	27.039253235	
112	26.807668686	
113	28.048650742	
114	29.403964996	
115	29.514019012	
116	33.366703033	
117	36.201869965	
118	35.862888336	
119	33.627826691	
120	38.773429871	
121	35.602725983	
122	40.500373840	
123	43.339191437	
124	42.919048309	
125	44.359333038	
126	39.049785614	
127	40.537654877	
128	40.528797150	
129	43.712150574	
130	45.271026611	
131	42.417854309	
132	43.518562317	
133	37.205867767	
134	32.825572968	
135	28.528867722	
136	28.167821884	
137	27.059812546	
138	23.828037262	
139	27.493457794	
140	22.831775665	
141	23.990653992	
142	24.242990494	
143	22.177553177	
144	21.878503799	
145	21.049612045	
146	24.214952469	
147	22.565271378	
148	22.457944870	
149	23.178268433	
150	23.060703278	
151	28.526805878	
152	25.489719391	
153	26.183141708	
154	27.012350082	
155	28.476634979	
156	28.441122055	
157	23.425643921	
158	26.275186539	
159	25.290540695	
160	29.735086441	
161	33.519626617	
162	35.195442200	
163	38.034675598	
164	31.029085159	
165	41.261856079	
166	43.373832703	
167	46.639617920	
168	48.089717865	
169	43.696586609	
170	45.979736328	
171	46.212997437	
172	43.948135376	
173	40.210079193	
174	38.360450745	
175	35.936325073	
176	28.862380981	
177	29.389623642	
178	24.242990494	
179	24.242990494	
180	26.325355530	
181	25.524116516	
182	25.663551331	
183	22.299064636	
184	24.299064636	
185	23.177570343	
186	24.242990494	
187	26.731521606	
188	26.726840973	
189	31.834447861	
190	28.747663498	
191	30.441122055	
192	29.021347046	
193	27.246904373	
194	27.493457794	
195	25.133897781	
196	31.894855499	
197	33.175559998	
198	39.160869598	
199	41.274627686	
200	39.415756226	
201	42.591720581	
202	41.302383423	
203	42.987247467	
204	41.563385010	
205	41.627216339	
206	41.486419678	
207	36.880374908	
208	38.500934601	
209	31.745794296	
210	26.259237289	
211	24.498157501	
212	25.751401901	
213	27.155298233	
214	23.000000000	
215	25.641279221	
216	23.951402664	
217	25.616823196	
218	26.993745804	
219	25.966163635	
220	28.816926956	
221	23.123592377	
222	27.409782410	
223	26.257944107	
224	26.062345505	
225	29.836841583	
226	33.082244873	
227	33.622428894	
228	35.011268616	
229	37.736587524	
230	41.594024658	
231	43.629905701	
232	46.922420502	
233	45.796768188	
234	47.516429901	
235	43.093631744	
236	40.308166504	
237	35.217746735	
238	30.000000000	
239	29.783178329	
240	25.878503799	
241	27.841121674	
242	25.140186310	
243	23.177570343	
244	24.766355515	
245	24.768539429	
246	29.569849014	
247	26.971961975	
248	29.588785172	
249	29.147733688	
250	27.054241180	
251	29.535139084	
252	27.356851578	
253	32.620681763	
254	35.428230286	
255	40.623897552	
256	45.712150574	
257	45.508411407	
258	46.969497681	
259	45.143280029	
260	48.353305817	
261	45.739051819	
262	39.665420532	
263	35.302715302	
264	28.893457413	
265	29.779020309	
266	26.308410645	
267	26.292095184	
268	25.763978958	
269	24.243217468	
270	25.897195816	
271	25.468635559	
272	29.910367966	
273	26.911766052	
274	26.879640579	
275	29.794391632	
276	30.540187836	
277	33.603736877	
278	35.003738403	
279	39.076637268	
280	40.476634979	
281	42.434429169	
282	46.071151733	
283	45.079517365	
284	45.981029510	
285	39.988819122	
286	35.181377411	
287	30.126543045	
288	26.485980988	
289	27.465419769	
290	22.719625473	
291	24.299064636	
292	22.570093155	
293	24.414953232	
294	27.999406815	
295	26.439514160	
296	26.997064590	
297	23.747663498	
298	28.217748642	
299	32.011215210	
300	34.794391632	
301	38.909076691	
302	38.339504242	
303	47.552799225	
304	46.680374146	
305	44.700935364	
306	41.942337036	
307	37.002777100	
308	33.393325806	
309	26.658363342	
310	27.669490814	
311	25.645627975	
312	25.719625473	
313	27.280094147	
314	24.648370743	
315	25.906541824	
316	25.205608368	
317	29.361394882	
318	28.663551331	
319	28.181308746	
320	34.719627380	
321	35.400001526	
322	39.354984283	
323	39.672267914	
324	39.543926239	
325	40.312080383	
326	39.108409882	
327	38.579387665	
328	27.950668335	
329	26.601432800	
330	23.924535751	
331	24.304340363	
332	27.080373764	
333	24.069158554	
334	26.291589737	
335	23.917808533	
336	24.040981293	
337	25.935575485	
338	28.181308746	
339	30.913547516	
340	35.264739990	
341	37.229907990	
342	40.478504181	
343	44.942893982	
344	43.979423523	
345	38.906543732	
346	37.030971527	
347	27.842990875	
348	27.154459000	
349	25.323154449	
350	24.352781296	
351	23.923923492	
352	20.512464523	
353	25.782932281	
354	22.269910812	
355	25.186916351	
356	26.110280991	
357	26.089719772	
358	33.332149506	
359	32.960903168	
360	41.932830811	
361	42.712936401	
362	41.028038025	
363	38.576644897	
364	33.425277710	
365	31.431478500	
366	24.523975372	
367	25.246694565	
368	23.705039978	
369	23.075151443	
370	25.140186310	
371	22.112150192	
372	23.794391632	
373	27.201869965	
374	29.768224716	
375	32.411216736	
376	34.662502289	
377	37.681213379	
378	40.842468262	
379	39.852512360	
380	36.409729004	
381	33.566356659	
382	29.478504181	
383	22.608087540	
384	23.545497894	
385	20.509389877	
386	23.364486694	
387	23.538650513	
388	25.697982788	
389	28.715764999	
390	24.074766159	
391	26.370372772	
392	30.596244812	
393	36.115959167	
394	38.692146301	
395	35.514019012	
396	34.427791595	
397	36.945182800	
398	30.424299240	
399	24.588697433	
400	24.237487793	
401	22.630500793	
402	18.050729752	
403	23.823232651	
404	21.560747147	
405	23.616823196	
406	24.325233459	
407	26.162792206	
408	31.437383652	
409	30.947664261	
410	34.506069183	
411	33.574546814	
412	33.512149811	
413	29.936588287	
414	22.985046387	
415	24.691589355	
416	22.469158173	
417	23.815948486	
418	23.359979630	
419	22.951402664	
420	23.374267578	
421	22.964258194	
422	26.781255722	
423	26.591037750	
424	28.052913666	
425	32.292949677	
426	34.475395203	
427	36.001869202	
428	33.799999237	
429	27.412927628	
430	21.397502899	
431	21.178985596	
432	22.169517517	
433	22.253820419	
434	23.278505325	
435	17.691589355	
436	23.211931229	
437	26.061681747	
438	27.424299240	
439	30.045190811	
440	33.898857117	
441	35.675830841	
442	30.175752640	
443	27.824438095	
444	22.807476044	
445	18.813083649	
446	20.785518646	
447	18.582496643	
448	20.464214325	
449	20.456075668	
450	21.052581787	
451	23.248598099	
452	25.606637955	
453	31.648597717	
454	30.538579941	
455	35.199405670	
456	32.861785889	
457	27.958389282	
458	24.648038864	
459	19.054204941	
460	19.445104599	
461	20.013450623	
462	20.905109406	
463	21.940256119	
464	22.000000000	
465	22.594112396	
466	24.679517746	
467	27.194515228	
468	28.739103317	
469	30.150669098	
470	28.783649445	
471	23.312149048	
472	23.007179260	
473	17.312761307	
474	20.149532318	
475	20.401868820	
476	18.855358124	
477	17.637382507	
478	19.280374527	
479	23.485980988	
480	24.055027008	
481	28.485475540	
482	29.696182251	
483	27.480600357	
484	26.975280762	
485	20.355663300	
486	20.140100479	
487	16.314018250	
488	16.947664261	
489	18.917757034	
490	17.289720535	
491	21.192226410	
492	19.729059219	
493	24.812385559	
494	26.047864914	
495	26.775701523	
496	27.880741119	
497	18.166355133	
498	19.633924484	
499	16.401868820	
500	17.284042358	
501	18.049034119	
502	17.528221130	
503	19.437627792	
504	17.478504181	
505	23.767665863	
506	24.046239853	
507	25.523050308	
508	26.436788559	
509	20.613084793	
510	22.897195816	
511	17.892427444	
512	17.455131531	
513	17.009346008	
514	16.000000000	
515	16.212419510	
516	17.773832321	
517	19.719625473	
518	20.700935364	
519	22.789657593	
520	24.383176804	
521	22.871883392	
522	20.632841110	
523	15.042990685	
524	18.485980988	
525	15.641890526	
526	14.798480034	
527	15.915887833	
528	13.779438972	
529	18.525234222	
530	18.267097473	
531	22.448598862	
532	22.714017868	
533	20.423669815	
534	20.080373764	
535	0.000000000	
