0	63.000000000	
1	69.272537231	
2	69.086616516	
3	68.929054260	
4	66.910163879	
5	68.959098816	
6	74.802528381	
7	67.295272827	
8	67.160331726	
9	66.625984192	
10	69.797943115	
11	68.089942932	
12	67.333190918	
13	72.574806213	
14	70.992187500	
15	70.423255920	
16	65.202552795	
17	66.389190674	
18	66.582679749	
19	66.795272827	
20	67.583610535	
21	63.236358643	
22	66.496063232	
23	61.484252930	
24	60.247009277	
25	57.584693909	
26	57.677165985	
27	57.499256134	
28	51.583171844	
29	53.263778687	
30	50.480934143	
31	50.377845764	
32	49.732284546	
33	50.425197601	
34	50.167648315	
35	46.526782990	
36	49.353027344	
37	46.600131989	
38	48.559055328	
39	45.086612701	
40	46.385826111	
41	49.004852295	
42	46.172668457	
43	45.987136841	
44	40.399776459	
45	42.397636414	
46	42.771839142	
47	43.646942139	
48	43.889762878	
49	41.357509613	
50	47.763778687	
51	40.559055328	
52	45.250419617	
53	45.217590332	
54	43.551181793	
55	41.070865631	
56	41.865150452	
57	47.212596893	
58	43.566928864	
59	45.645668030	
60	43.882385254	
61	45.724411011	
62	44.589683533	
63	45.946136475	
64	47.366855621	
65	45.185039520	
66	49.141731262	
67	46.161418915	
68	48.149604797	
69	49.015747070	
70	48.708660126	
71	49.630867004	
72	50.913387299	
73	53.641731262	
74	50.062992096	
75	52.717727661	
76	53.803894043	
77	53.826957703	
78	53.918533325	
79	51.366142273	
80	52.889762878	
81	50.623428345	
82	54.000556946	
83	52.527389526	
84	52.745800018	
85	55.645668030	
86	54.881889343	
87	54.917324066	
88	48.881889343	
89	51.734066010	
90	51.803150177	
91	53.502635956	
92	56.157482147	
93	53.754928589	
94	56.130386353	
95	53.767715454	
96	56.638416290	
97	56.423103333	
98	59.906753540	
99	63.930854797	
100	67.151466370	
101	71.125968933	
102	70.040237427	
103	78.177955627	
104	75.615348816	
105	74.289199829	
106	76.565376282	
107	75.718612671	
108	78.230270386	
109	74.374839783	
110	78.097274780	
111	74.727745056	
112	73.787277222	
113	69.958724976	
114	63.894786835	
115	66.569114685	
116	63.049972534	
117	66.003707886	
118	62.750450134	
119	57.534347534	
120	51.862174988	
121	48.810401917	
122	47.723976135	
123	41.913742065	
124	48.309131622	
125	46.697654724	
126	45.648521423	
127	41.500000000	
128	38.910533905	
129	43.951190948	
130	42.049289703	
131	43.567287445	
132	41.834644318	
133	46.133857727	
134	46.913387299	
135	46.358268738	
136	48.257053375	
137	47.700553894	
138	50.196849823	
139	46.704723358	
140	49.672637939	
141	49.470535278	
142	48.602333069	
143	48.480316162	
144	45.519683838	
145	48.736221313	
146	48.556762695	
147	50.982391357	
148	50.106021881	
149	51.314510345	
150	53.152706146	
151	55.307086945	
152	63.758880615	
153	63.024414062	
154	67.820014954	
155	70.498275757	
156	73.904953003	
157	73.346954346	
158	70.356193542	
159	75.014137268	
160	72.236221313	
161	75.449142456	
162	70.530723572	
163	66.003952026	
164	62.696197510	
165	56.409820557	
166	59.624092102	
167	48.702106476	
168	50.061939240	
169	48.556529999	
170	46.697376251	
171	42.645500183	
172	42.429969788	
173	44.616931915	
174	36.653541565	
175	47.507873535	
176	45.887035370	
177	44.757968903	
178	43.865398407	
179	44.128726959	
180	47.350921631	
181	43.118110657	
182	44.375347137	
183	43.920253754	
184	45.488189697	
185	45.005565643	
186	45.093185425	
187	47.092021942	
188	45.822616577	
189	49.857246399	
190	48.618824005	
191	55.448818207	
192	58.303737640	
193	63.807193756	
194	66.654533386	
195	63.059055328	
196	62.905509949	
197	57.823253632	
198	61.616157532	
199	59.771652222	
200	56.514785767	
201	54.166408539	
202	48.251968384	
203	51.396675110	
204	44.614543915	
205	46.979557037	
206	41.858268738	
207	42.825672150	
208	45.251968384	
209	40.606300354	
210	46.326431274	
211	38.034641266	
212	43.850395203	
213	45.173229218	
214	46.362205505	
215	45.816246033	
216	43.409633636	
217	46.716533661	
218	42.913387299	
219	45.218471527	
220	48.413726807	
221	53.320400238	
222	55.235412598	
223	56.645668030	
224	61.031745911	
225	60.096626282	
226	65.929626465	
227	64.202384949	
228	64.400398254	
229	63.930141449	
230	63.223384857	
231	61.736221313	
232	48.359165192	
233	51.732006073	
234	46.676235199	
235	50.232006073	
236	46.798065186	
237	43.464565277	
238	44.319301605	
239	40.051303864	
240	43.236469269	
241	39.527854919	
242	46.190216064	
243	47.830707550	
244	44.937007904	
245	46.008571625	
246	48.942028046	
247	51.003936768	
248	49.228656769	
249	55.374885559	
250	59.502323151	
251	61.889530182	
252	63.034225464	
253	64.034545898	
254	70.000000000	
255	60.055118561	
256	61.125179291	
257	56.574726105	
258	53.749645233	
259	53.198383331	
260	48.220474243	
261	49.346424103	
262	45.253395081	
263	45.429832458	
264	42.155742645	
265	42.444278717	
266	41.491474152	
267	41.012401581	
268	45.834583282	
269	43.462566376	
270	46.511810303	
271	44.170436859	
272	45.259841919	
273	48.649604797	
274	50.946743011	
275	55.894119263	
276	53.050903320	
277	61.314373016	
278	59.966457367	
279	58.935085297	
280	57.947238922	
281	54.168548584	
282	52.466552734	
283	45.182899475	
284	46.511688232	
285	44.809890747	
286	45.007068634	
287	44.773155212	
288	43.944881439	
289	45.114173889	
290	41.157482147	
291	44.606300354	
292	42.779342651	
293	44.119472504	
294	45.334426880	
295	47.093296051	
296	51.234546661	
297	53.027824402	
298	63.004276276	
299	60.631610870	
300	63.067516327	
301	62.171493530	
302	60.255748749	
303	59.350395203	
304	55.433071136	
305	56.141731262	
306	47.653541565	
307	52.156425476	
308	49.251968384	
309	47.542671204	
310	48.725402832	
311	41.881889343	
312	46.878974915	
313	42.801151276	
314	47.984748840	
315	48.204833984	
316	49.580196381	
317	51.677165985	
318	53.637794495	
319	61.991615295	
320	62.182960510	
321	66.092025757	
322	59.842456818	
323	57.088924408	
324	59.782627106	
325	54.500976562	
326	51.496063232	
327	47.247550964	
328	47.449871063	
329	43.128726959	
330	46.034904480	
331	46.340087891	
332	42.705932617	
333	44.771652222	
334	43.047245026	
335	47.192913055	
336	47.299213409	
337	51.724578857	
338	54.811023712	
339	54.713714600	
340	55.199455261	
341	55.230098724	
342	58.583358765	
343	51.236221313	
344	50.150722504	
345	48.047245026	
346	45.174034119	
347	47.724411011	
348	45.480316162	
349	45.233444214	
350	43.167213440	
351	43.466659546	
352	42.122947693	
353	42.611957550	
354	45.465309143	
355	44.932281494	
356	51.603324890	
357	49.889762878	
358	49.149604797	
359	47.374465942	
360	49.490295410	
361	50.239120483	
362	41.675243378	
363	48.207839966	
364	42.125984192	
365	44.811023712	
366	40.818897247	
367	41.864234924	
368	45.927955627	
369	40.622776031	
370	39.355693817	
371	36.716533661	
372	43.139064789	
373	44.638881683	
374	46.856285095	
375	50.419601440	
376	48.881889343	
377	47.512882233	
378	46.006137848	
379	47.744094849	
380	45.152458191	
381	42.500000000	
382	40.579826355	
383	40.336212158	
384	44.645668030	
385	40.027557373	
386	42.220039368	
387	42.737258911	
388	43.045261383	
389	43.204723358	
390	44.356998444	
391	51.527324677	
392	51.487136841	
393	53.488483429	
394	52.078739166	
395	50.411231995	
396	48.397544861	
397	45.412982941	
398	46.165603638	
399	43.745738983	
400	49.027465820	
401	44.964565277	
402	43.080291748	
403	41.410346985	
404	42.436172485	
405	45.782520294	
406	41.496063232	
407	49.255905151	
408	47.024738312	
409	50.782737732	
410	48.196849823	
411	45.565086365	
412	46.039371490	
413	43.676715851	
414	44.534503937	
415	40.592502594	
416	42.288177490	
417	41.175846100	
418	41.007873535	
419	43.208660126	
420	42.244094849	
421	47.570865631	
422	46.046188354	
423	50.937007904	
424	47.807613373	
425	44.106300354	
426	46.059333801	
427	45.230903625	
428	47.881889343	
429	43.570865631	
430	45.146877289	
431	43.494186401	
432	43.015747070	
433	42.630756378	
434	41.181102753	
435	45.763778687	
436	41.847789764	
437	44.192913055	
438	45.700786591	
439	50.911075592	
440	50.826770782	
441	45.589557648	
442	46.577098846	
443	40.300746918	
444	45.236221313	
445	43.271652222	
446	41.766258240	
447	39.228454590	
448	38.181102753	
449	42.740158081	
450	41.015747070	
451	46.133438110	
452	45.651557922	
453	47.319534302	
454	48.201747894	
455	47.162857056	
456	46.048854828	
457	40.205947876	
458	43.625892639	
459	40.182621002	
460	38.228034973	
461	39.678730011	
462	41.096656799	
463	41.517436981	
464	40.294933319	
465	46.551181793	
466	46.472999573	
467	47.426391602	
468	42.677165985	
469	41.980236053	
470	49.203609467	
471	43.104919434	
472	44.647651672	
473	41.307086945	
474	41.454399109	
475	38.607803345	
476	37.534626007	
477	38.913387299	
478	36.299335480	
479	38.263778687	
480	42.111228943	
481	45.311023712	
482	44.804328918	
483	43.122047424	
484	41.469528198	
485	38.711467743	
486	41.470024109	
487	35.299213409	
488	34.260772705	
489	30.775543213	
490	33.113025665	
491	37.681102753	
492	37.871845245	
493	42.248031616	
494	41.031497955	
495	43.059349060	
496	38.581436157	
497	38.165355682	
498	38.766323090	
499	36.106998444	
500	36.478889465	
501	30.248031616	
502	31.653543472	
503	31.945749283	
504	36.795276642	
505	37.169292450	
506	35.468906403	
507	42.000000000	
508	42.000000000	
