0	72.000000000	
1	74.066535950	
2	73.776351929	
3	71.978752136	
4	73.371261597	
5	73.012298584	
6	67.528373718	
7	70.616439819	
8	72.028236389	
9	72.185630798	
10	72.500137329	
11	73.292701721	
12	73.884262085	
13	72.903549194	
14	70.136985779	
15	65.789207458	
16	68.703941345	
17	69.987701416	
18	69.374618530	
19	67.637405396	
20	69.237068176	
21	65.246574402	
22	69.344703674	
23	72.134750366	
24	69.486717224	
25	65.998603821	
26	68.228126526	
27	70.232315063	
28	67.000000000	
29	65.255523682	
30	64.569473267	
31	65.002235413	
32	65.559967041	
33	65.898239136	
34	60.762371063	
35	57.082191467	
36	55.715126038	
37	52.477775574	
38	50.494548798	
39	51.616157532	
40	54.140060425	
41	55.116020203	
42	47.205478668	
43	49.863014221	
44	53.060104370	
45	52.185909271	
46	49.602741241	
47	49.925914764	
48	52.193737030	
49	52.054794312	
50	52.219177246	
51	52.597148895	
52	52.015655518	
53	49.060104370	
54	45.946884155	
55	50.401172638	
56	48.863014221	
57	48.576740265	
58	47.845123291	
59	49.560523987	
60	52.706459045	
61	52.573665619	
62	50.946601868	
63	51.095890045	
64	51.142856598	
65	50.285713196	
66	49.902153015	
67	49.648868561	
68	50.571430206	
69	52.142856598	
70	53.164382935	
71	52.513557434	
72	52.206039429	
73	50.877552032	
74	50.857982635	
75	54.524181366	
76	58.509365082	
77	52.219177246	
78	55.166339874	
79	55.066814423	
80	54.678222656	
81	50.777465820	
82	50.611965179	
83	56.356163025	
84	55.794521332	
85	56.044448853	
86	53.511882782	
87	53.833938599	
88	55.285713196	
89	55.571430206	
90	52.073524475	
91	56.054794312	
92	56.809616089	
93	55.877269745	
94	55.563602448	
95	57.017612457	
96	59.709812164	
97	61.723510742	
98	64.890411377	
99	67.695831299	
100	74.565834045	
101	76.854347229	
102	78.263351440	
103	78.196250916	
104	77.061500549	
105	75.739723206	
106	74.266983032	
107	73.365669250	
108	73.804023743	
109	73.232315063	
110	74.516632080	
111	74.900192261	
112	68.547943115	
113	69.996086121	
114	71.688842773	
115	69.105957031	
116	66.313949585	
117	65.035224915	
118	63.782779694	
119	61.561645508	
120	55.729381561	
121	55.164661407	
122	53.000278473	
123	49.673191071	
124	50.089740753	
125	52.737770081	
126	47.712329865	
127	45.498184204	
128	47.345821381	
129	48.276767731	
130	47.153759003	
131	45.938217163	
132	47.276489258	
133	48.136985779	
134	48.110149384	
135	48.714286804	
136	49.993011475	
137	48.127761841	
138	46.551860809	
139	47.831142426	
140	44.657535553	
141	47.670116425	
142	44.771038055	
143	45.792564392	
144	49.086105347	
145	51.093376160	
146	51.306121826	
147	49.890411377	
148	52.505451202	
149	54.428569794	
150	57.345260620	
151	61.601619720	
152	67.620071411	
153	72.181434631	
154	73.000000000	
155	69.649703979	
156	74.594909668	
157	75.174171448	
158	73.212471008	
159	73.857139587	
160	75.714286804	
161	72.397262573	
162	69.416549683	
163	63.430809021	
164	63.742801666	
165	62.370983124	
166	56.266426086	
167	52.293540955	
168	49.205478668	
169	49.000000000	
170	49.714286804	
171	49.428569794	
172	46.916690826	
173	44.199886322	
174	44.435562134	
175	42.410957336	
176	44.641880035	
177	43.221694946	
178	45.641597748	
179	46.036064148	
180	45.994129181	
181	48.528377533	
182	44.109588623	
183	46.176124573	
184	44.393905640	
185	45.857143402	
186	48.334636688	
187	48.389431000	
188	48.701145172	
189	52.931507111	
190	57.350852966	
191	62.044731140	
192	64.755378723	
193	64.635452271	
194	65.123565674	
195	65.322334290	
196	61.000000000	
197	63.762649536	
198	60.218898773	
199	59.441150665	
200	57.101760864	
201	52.915573120	
202	51.079956055	
203	48.753425598	
204	48.227565765	
205	44.931507111	
206	44.038021088	
207	44.371818542	
208	44.802906036	
209	45.826950073	
210	45.000000000	
211	43.274532318	
212	43.187866211	
213	43.043052673	
214	44.416828156	
215	46.000000000	
216	45.428569794	
217	42.000000000	
218	42.857143402	
219	48.428569794	
220	54.835617065	
221	58.049484253	
222	59.121330261	
223	63.133071899	
224	62.452053070	
225	65.684928894	
226	67.150962830	
227	65.595748901	
228	62.894325256	
229	61.262229919	
230	57.081073761	
231	54.287670135	
232	53.177242279	
233	49.659770966	
234	48.617557526	
235	48.571430206	
236	47.428569794	
237	46.634609222	
238	50.958904266	
239	48.742240906	
240	46.579257965	
241	46.353366852	
242	46.880065918	
243	45.838413239	
244	47.436397552	
245	50.876712799	
246	51.682975769	
247	50.540676117	
248	53.037181854	
249	59.719039917	
250	64.602737427	
251	65.636009216	
252	62.191780090	
253	64.422698975	
254	63.314228058	
255	61.414314270	
256	60.142856598	
257	56.935699463	
258	50.405086517	
259	45.767124176	
260	51.442268372	
261	47.937377930	
262	47.433322906	
263	45.840648651	
264	45.466033936	
265	48.438354492	
266	46.575344086	
267	46.008388519	
268	43.148170471	
269	45.403129578	
270	48.202964783	
271	49.724349976	
272	50.552417755	
273	55.123287201	
274	60.002796173	
275	62.428569794	
276	63.675426483	
277	64.707855225	
278	62.735813141	
279	62.162986755	
280	57.657535553	
281	57.427734375	
282	50.706737518	
283	51.115459442	
284	52.443107605	
285	49.129718781	
286	47.887615204	
287	46.000000000	
288	48.750907898	
289	47.671234131	
290	45.209392548	
291	44.662567139	
292	46.816326141	
293	49.373775482	
294	49.890411377	
295	51.104835510	
296	57.165782928	
297	60.714286804	
298	62.000000000	
299	63.105396271	
300	65.162429810	
301	59.493148804	
302	63.285713196	
303	57.571430206	
304	55.826671600	
305	52.519710541	
306	49.285713196	
307	49.714286804	
308	47.630138397	
309	46.628738403	
310	47.942970276	
311	48.678779602	
312	46.383560181	
313	43.661727905	
314	46.259433746	
315	51.479450226	
316	55.098964691	
317	57.701145172	
318	61.360637665	
319	62.189266205	
320	64.245460510	
321	63.119934082	
322	57.643836975	
323	60.867767334	
324	54.078277588	
325	53.714286804	
326	52.181156158	
327	48.653621674	
328	48.676544189	
329	50.000000000	
330	48.285713196	
331	49.426055908	
332	48.957508087	
333	49.176403046	
334	49.079677582	
335	49.910820007	
336	54.589042664	
337	59.421581268	
338	61.606372833	
339	61.722114563	
340	60.541236877	
341	59.867485046	
342	59.615879059	
343	55.972602844	
344	54.008388519	
345	50.313392639	
346	51.469665527	
347	49.105117798	
348	48.335754395	
349	48.757896423	
350	47.821918488	
351	46.645793915	
352	44.879787445	
353	46.155715942	
354	49.443389893	
355	53.095890045	
356	54.580093384	
357	53.000000000	
358	53.857143402	
359	53.757339478	
360	51.702545166	
361	49.002796173	
362	47.832542419	
363	47.429691315	
364	44.054794312	
365	44.448978424	
366	44.651382446	
367	44.514957428	
368	44.623428345	
369	44.741401672	
370	45.154598236	
371	45.671234131	
372	48.812973022	
373	51.344142914	
374	52.221134186	
375	51.993011475	
376	51.753143311	
377	52.669555664	
378	48.849315643	
379	45.440872192	
380	46.916969299	
381	47.010902405	
382	45.639923096	
383	45.087505341	
384	46.225048065	
385	39.191780090	
386	44.082752228	
387	46.383842468	
388	49.881744385	
389	51.235393524	
390	49.369861603	
391	50.587642670	
392	50.602741241	
393	52.771595001	
394	50.545150757	
395	50.000000000	
396	50.000000000	
397	48.029632568	
398	43.871681213	
399	45.000000000	
400	43.285713196	
401	44.428569794	
402	42.893207550	
403	42.060665131	
404	45.514396667	
405	50.439754486	
406	50.753425598	
407	52.482807159	
408	52.470504761	
409	50.454292297	
410	49.197093964	
411	50.622310638	
412	51.260833740	
413	46.890411377	
414	43.528934479	
415	45.038860321	
416	46.805145264	
417	42.807659149	
418	40.509086609	
419	44.796478271	
420	44.972602844	
421	48.931507111	
422	51.422981262	
423	51.693599701	
424	51.872238159	
425	48.559406281	
426	45.780540466	
427	46.013698578	
428	50.093933105	
429	44.430248260	
430	43.084987640	
431	43.624267578	
432	42.771038055	
433	44.123847961	
434	41.876712799	
435	48.633213043	
436	53.171932220	
437	51.681858063	
438	50.408164978	
439	52.227565765	
440	52.982666016	
441	46.315067291	
442	48.175285339	
443	46.786972046	
444	45.635169983	
445	43.094772339	
446	42.651943207	
447	47.114902496	
448	42.191780090	
449	42.669834137	
450	46.487560272	
451	49.996925354	
452	50.677104950	
453	50.847080231	
454	47.812690735	
455	49.794521332	
456	47.889011383	
457	47.000000000	
458	44.714286804	
459	41.073524475	
460	39.105953217	
461	41.285713196	
462	43.000000000	
463	41.487277985	
464	47.432483673	
465	47.479450226	
466	46.534248352	
467	48.379928589	
468	49.428569794	
469	45.698631287	
470	45.181995392	
471	42.325691223	
472	36.874755859	
473	38.862453461	
474	41.021804810	
475	39.908580780	
476	37.328765869	
477	40.886497498	
478	46.612525940	
479	47.064579010	
480	45.609447479	
481	45.786693573	
482	46.330444336	
483	41.397258759	
484	41.765167236	
485	38.687168121	
486	38.024044037	
487	34.998882294	
488	32.562763214	
489	39.288787842	
490	45.095890045	
491	40.570308685	
492	41.849037170	
493	42.571430206	
494	41.285713196	
495	40.504611969	
496	42.856582642	
497	36.465751648	
498	37.430526733	
499	33.485603333	
500	33.324012756	
501	34.262512207	
502	36.293823242	
503	40.991333008	
504	38.383560181	
505	40.528934479	
506	41.594913483	
507	39.990215302	
508	40.350292206	
509	40.757339478	
510	35.583171844	
511	33.000000000	
