0	52.000000000	
1	54.672966003	
2	51.817390442	
3	53.697921753	
4	51.921737671	
5	51.586009979	
6	54.330432892	
7	53.295650482	
8	54.869564056	
9	51.057846069	
10	54.083175659	
11	52.095653534	
12	51.221927643	
13	50.654819489	
14	51.692626953	
15	52.425331116	
16	52.599998474	
17	51.808696747	
18	52.400001526	
19	53.433647156	
20	53.434783936	
21	52.522495270	
22	52.553874969	
23	52.400001526	
24	53.205291748	
25	50.090736389	
26	54.571643829	
27	53.886955261	
28	54.182609558	
29	54.530433655	
30	53.546314240	
31	54.217014313	
32	53.489982605	
33	57.144046783	
34	53.702835083	
35	57.720226288	
36	58.799999237	
37	61.220417023	
38	63.078262329	
39	62.016635895	
40	64.504722595	
41	66.608695984	
42	67.173912048	
43	67.265403748	
44	67.658981323	
45	68.521736145	
46	68.599998474	
47	68.121742249	
48	67.083175659	
49	66.586769104	
50	63.275993347	
51	65.554634094	
52	63.764839172	
53	66.834785461	
54	69.425712585	
55	70.706993103	
56	74.982604980	
57	74.029113770	
58	73.550849915	
59	73.817390442	
60	74.483932495	
61	75.173912048	
62	76.104347229	
63	77.312667847	
64	77.909637451	
65	77.621925354	
66	73.156898499	
67	75.097541809	
68	75.078262329	
69	74.400001526	
70	74.727790833	
71	75.030998230	
72	75.000000000	
73	75.093383789	
74	75.599998474	
75	76.642723083	
76	74.613609314	
77	75.069946289	
78	73.979965210	
79	71.304344177	
80	70.000000000	
81	69.285446167	
82	64.981475830	
83	58.402645111	
84	54.973911285	
85	56.410209656	
86	55.877883911	
87	54.182609558	
88	52.651039124	
89	52.000000000	
90	51.956520081	
91	51.478260040	
92	51.000000000	
93	51.000000000	
94	50.975803375	
95	49.695652008	
96	48.653308868	
97	49.426086426	
98	47.287334442	
99	52.164463043	
100	50.856330872	
101	52.014366150	
102	50.925518036	
103	51.684310913	
104	51.833271027	
105	51.652172089	
106	53.582607269	
107	55.604537964	
108	54.695652008	
109	52.634403229	
110	52.608695984	
111	53.973911285	
112	55.015880585	
113	51.763328552	
114	52.486957550	
115	54.000000000	
116	54.820037842	
117	57.269565582	
118	58.082798004	
119	55.634780884	
120	53.132324219	
121	54.391681671	
122	58.799999237	
123	59.299812317	
124	63.796974182	
125	63.217391968	
126	67.226089478	
127	68.660865784	
128	69.252174377	
129	70.113044739	
130	68.778831482	
131	71.129676819	
132	72.540267944	
133	77.926651001	
134	75.565216064	
135	75.695655823	
136	75.650283813	
137	74.919090271	
138	77.000000000	
139	77.440834045	
140	77.041587830	
141	76.602272034	
142	73.896789551	
143	68.509643555	
144	63.729679108	
145	61.077503204	
146	59.800376892	
147	55.933460236	
148	50.570133209	
149	53.522117615	
150	53.614368439	
151	56.034782410	
152	54.130435944	
153	51.691116333	
154	51.722496033	
155	49.173912048	
156	55.017391205	
157	54.068431854	
158	55.797733307	
159	56.114933014	
160	57.587902069	
161	59.200000763	
162	54.985256195	
163	52.360301971	
164	55.193572998	
165	57.644611359	
166	57.290359497	
167	55.922874451	
168	57.191303253	
169	58.777694702	
170	61.646503448	
171	66.525520325	
172	67.623443604	
173	71.536483765	
174	72.595085144	
175	74.391304016	
176	75.996597290	
177	75.181098938	
178	77.243476868	
179	81.591300964	
180	80.166351318	
181	81.784873962	
182	75.054817200	
183	72.085823059	
184	68.599998474	
185	66.088844299	
186	64.441589355	
187	60.784877777	
188	54.059734344	
189	51.984500885	
190	53.364837646	
191	52.208694458	
192	49.895652771	
193	50.675235748	
194	54.377693176	
195	55.831756592	
196	54.382610321	
197	53.631000519	
198	53.568241119	
199	54.134216309	
200	52.873344421	
201	52.443099976	
202	55.874858856	
203	56.590927124	
204	56.997730255	
205	55.132324219	
206	58.246124268	
207	59.000000000	
208	66.339134216	
209	70.801887512	
210	73.797729492	
211	76.454444885	
212	73.234405518	
213	68.982231140	
214	71.191307068	
215	71.000000000	
216	70.295654297	
217	70.126655579	
218	67.052177429	
219	61.031757355	
220	55.355388641	
221	51.513042450	
222	50.200000763	
223	50.652172089	
224	51.000000000	
225	50.391304016	
226	48.894519806	
227	47.434783936	
228	47.309261322	
229	47.994705200	
230	47.000000000	
