0	57.000000000	
1	53.585937500	
2	53.824218750	
3	57.109992981	
4	59.047973633	
5	56.811790466	
6	55.167968750	
7	50.529296875	
8	49.937500000	
9	54.417968750	
10	55.552795410	
11	53.729476929	
12	52.404174805	
13	52.435661316	
14	51.763458252	
15	51.539413452	
16	52.593750000	
17	55.430000305	
18	54.655059814	
19	51.210937500	
20	50.632812500	
21	53.564453125	
22	54.456970215	
23	51.922660828	
24	51.649902344	
25	54.621147156	
26	55.419799805	
27	51.009765625	
28	51.195312500	
29	57.263153076	
30	57.453826904	
31	56.000000000	
32	57.992187500	
33	61.767021179	
34	59.625000000	
35	59.218490601	
36	64.853271484	
37	65.430191040	
38	64.356048584	
39	66.335014343	
40	68.358398438	
41	63.724990845	
42	64.418060303	
43	62.650405884	
44	63.827514648	
45	62.620719910	
46	62.377288818	
47	68.005859375	
48	63.218750000	
49	64.949668884	
50	65.578125000	
51	68.042968750	
52	68.729736328	
53	64.924850464	
54	70.687500000	
55	77.218750000	
56	71.840820312	
57	70.043190002	
58	73.339324951	
59	74.232421875	
60	72.617187500	
61	71.581512451	
62	74.034057617	
63	73.187500000	
64	74.187500000	
65	73.761856079	
66	73.376129150	
67	73.016342163	
68	74.526245117	
69	72.260978699	
70	74.226562500	
71	76.904731750	
72	73.939453125	
73	70.761634827	
74	72.440399170	
75	73.783683777	
76	69.396606445	
77	66.272575378	
78	62.355682373	
79	56.513320923	
80	54.863281250	
81	53.688789368	
82	52.231231689	
83	51.673828125	
84	48.796508789	
85	46.640625000	
86	48.992218018	
87	49.987899780	
88	45.844726562	
89	43.303657532	
90	45.588348389	
91	48.399635315	
92	45.265625000	
93	43.113540649	
94	45.501251221	
95	44.577568054	
96	46.867187500	
97	43.521903992	
98	44.903045654	
99	46.000000000	
100	46.686645508	
101	47.624275208	
102	47.940948486	
103	47.509658813	
104	47.195800781	
105	46.449218750	
106	46.912078857	
107	47.736328125	
108	47.351562500	
109	44.458381653	
110	46.660156250	
111	47.000000000	
112	46.517578125	
113	46.707031250	
114	46.857635498	
115	46.000000000	
116	46.031250000	
117	49.445312500	
118	50.609375000	
119	53.722061157	
120	56.988769531	
121	58.863281250	
122	59.128906250	
123	59.982421875	
124	62.507812500	
125	64.378906250	
126	63.996093750	
127	65.017440796	
128	69.125000000	
129	70.964775085	
130	67.667694092	
131	64.858039856	
132	66.729858398	
133	68.750709534	
134	65.931121826	
135	63.286026001	
136	65.080566406	
137	62.249404907	
138	57.289062500	
139	55.009269714	
140	53.892700195	
141	51.606964111	
142	48.357208252	
143	45.841796875	
144	43.281250000	
145	39.960937500	
146	39.431213379	
147	41.304687500	
148	41.609375000	
149	38.750030518	
150	43.845733643	
151	41.357421875	
152	41.734375000	
153	41.412109375	
154	41.886260986	
155	42.674835205	
156	43.109375000	
157	42.730468750	
158	39.706329346	
159	45.142997742	
160	43.812500000	
161	42.354911804	
162	45.328125000	
163	46.613281250	
164	49.335571289	
165	49.475807190	
166	52.460937500	
167	55.413139343	
168	55.890625000	
169	56.289062500	
170	58.164031982	
171	59.103507996	
172	60.164062500	
173	62.853515625	
174	62.047729492	
175	59.371757507	
176	61.218750000	
177	60.667968750	
178	56.749572754	
179	52.886718750	
180	50.029418945	
181	48.045402527	
182	45.640625000	
183	41.927223206	
184	39.000000000	
185	39.011283875	
186	38.045837402	
187	35.632812500	
188	34.176879883	
189	34.768295288	
190	35.640075684	
191	35.208984375	
192	34.875000000	
193	35.080078125	
194	39.277343750	
195	39.901985168	
196	37.632812500	
197	38.347656250	
198	38.867187500	
199	38.865669250	
200	42.756835938	
201	43.075492859	
202	45.146667480	
203	48.753456116	
204	51.561157227	
205	52.385223389	
206	51.542968750	
207	53.822166443	
208	53.589843750	
209	54.545585632	
210	55.028961182	
211	53.254364014	
212	46.249877930	
213	48.007804871	
214	43.660156250	
215	40.675971985	
216	40.156738281	
217	40.542968750	
218	43.378906250	
219	36.513671875	
220	36.052978516	
221	37.983985901	
222	38.480468750	
223	39.000000000	
224	38.507812500	
225	38.041015625	
226	41.749298096	
227	42.192321777	
228	41.272583008	
229	41.062500000	
230	41.883270264	
231	46.310493469	
232	54.086425781	
233	56.789062500	
234	56.125000000	
235	58.484375000	
236	62.413818359	
237	63.680290222	
238	62.625000000	
239	63.980468750	
240	57.566406250	
241	57.898788452	
242	53.266052246	
243	48.794692993	
244	47.923950195	
245	43.731925964	
246	44.508758545	
247	40.003608704	
248	41.665039062	
249	40.305229187	
250	37.299346924	
251	39.439453125	
252	41.937500000	
253	42.113281250	
254	40.949218750	
255	40.808731079	
256	43.500000000	
257	47.075828552	
258	48.140075684	
259	49.567741394	
260	56.269042969	
261	58.875000000	
262	60.314971924	
263	61.334526062	
264	59.515625000	
265	56.008110046	
266	52.957977295	
267	51.476066589	
268	48.525024414	
269	46.421875000	
270	44.900604248	
271	43.951347351	
272	42.851562500	
273	38.055313110	
274	42.876190186	
275	39.452522278	
276	39.586181641	
277	39.353500366	
278	38.060577393	
279	43.811714172	
280	43.945800781	
281	47.500053406	
282	46.433593750	
283	50.931640625	
284	54.750000000	
285	54.251953125	
286	55.149139404	
287	55.444618225	
288	58.054687500	
289	58.804412842	
290	55.505157471	
291	51.537368774	
292	48.432739258	
293	49.807144165	
294	43.624084473	
295	45.194175720	
296	41.815917969	
297	41.836128235	
298	41.894561768	
299	41.349632263	
300	47.226440430	
301	44.023063660	
302	48.278869629	
303	48.705039978	
304	49.875000000	
305	53.390625000	
306	58.319885254	
307	59.037109375	
308	58.931518555	
309	59.475090027	
310	58.556701660	
311	55.259765625	
312	52.093750000	
313	50.146049500	
314	46.472656250	
315	45.248046875	
316	44.416259766	
317	45.900032043	
318	45.968170166	
319	46.323448181	
320	47.906250000	
321	47.774482727	
322	48.205352783	
323	49.308235168	
324	48.046264648	
325	49.598396301	
326	54.845581055	
327	56.156028748	
328	57.746582031	
329	55.744735718	
330	55.024322510	
331	55.001922607	
332	54.427856445	
333	52.099838257	
334	46.011291504	
335	45.872245789	
336	43.218750000	
337	44.105468750	
338	44.773437500	
339	44.357795715	
340	44.031250000	
341	46.591796875	
342	47.816406250	
343	48.951362610	
344	49.000000000	
345	50.737251282	
346	53.908660889	
347	55.413307190	
348	54.189208984	
349	53.639060974	
350	49.906707764	
351	46.166572571	
352	45.640625000	
353	43.034736633	
354	41.928985596	
355	41.434700012	
356	40.250000000	
357	38.923103333	
358	39.550781250	
359	42.560600281	
360	45.819824219	
361	47.166015625	
362	41.392730713	
363	47.387702942	
364	49.175903320	
365	48.827232361	
366	48.161346436	
367	50.576171875	
368	50.892578125	
369	46.052558899	
370	41.857208252	
371	41.852134705	
372	41.265625000	
373	41.346199036	
374	39.960937500	
375	37.419921875	
376	37.578125000	
377	39.568901062	
378	42.652343750	
379	45.287109375	
380	46.369384766	
381	47.868621826	
382	47.867736816	
383	46.172012329	
384	50.250000000	
385	47.144599915	
386	44.375000000	
387	44.068359375	
388	42.561401367	
389	44.812736511	
390	39.489715576	
391	39.213432312	
392	36.953125000	
393	37.785453796	
394	42.569366455	
395	44.322761536	
396	42.275512695	
397	46.613166809	
398	47.769531250	
399	47.899864197	
400	49.218750000	
401	49.148437500	
402	46.808593750	
403	43.728515625	
404	42.289062500	
405	40.916015625	
406	39.542968750	
407	38.790229797	
408	38.756347656	
409	39.107368469	
410	41.883728027	
411	42.419197083	
412	43.725708008	
413	45.919075012	
414	48.441406250	
415	49.605468750	
416	49.750000000	
417	48.710937500	
418	45.363281250	
419	44.878906250	
420	42.484375000	
421	39.162109375	
422	38.941406250	
423	39.192329407	
424	37.828125000	
425	40.175781250	
426	39.355499268	
427	40.037101746	
428	44.382568359	
429	47.739860535	
430	46.632049561	
431	47.883476257	
432	41.689453125	
433	43.048828125	
434	44.722656250	
435	42.164291382	
436	40.781250000	
437	42.903305054	
438	40.302795410	
439	40.619140625	
440	39.859375000	
441	39.249351501	
442	42.158081055	
443	44.304687500	
444	45.343750000	
445	45.376953125	
446	46.290191650	
447	46.390487671	
448	46.500000000	
449	43.987373352	
450	39.890625000	
451	38.034797668	
452	38.695312500	
453	38.894531250	
454	39.449737549	
455	41.172309875	
456	43.031250000	
457	46.962806702	
458	41.707916260	
459	46.976562500	
460	47.494018555	
461	45.629997253	
462	43.765197754	
463	42.201972961	
464	39.744140625	
465	34.939491272	
466	33.754669189	
467	34.455451965	
468	36.117309570	
469	38.236328125	
470	40.691406250	
471	43.115234375	
472	45.733886719	
473	44.879508972	
474	44.738861084	
475	45.938949585	
476	43.601562500	
477	36.044921875	
478	37.640472412	
479	36.107421875	
480	36.562500000	
481	32.175781250	
482	32.600158691	
483	38.286590576	
484	38.156250000	
485	42.757812500	
486	43.188415527	
487	41.032989502	
488	40.981445312	
489	37.694526672	
490	36.868988037	
491	34.964859009	
492	34.562744141	
493	31.877532959	
494	32.061309814	
495	33.894844055	
496	35.923828125	
497	37.833808899	
498	38.000000000	
499	38.492187500	
500	39.708862305	
501	41.181640625	
502	38.051727295	
503	32.257049561	
504	28.883789062	
505	28.083114624	
506	29.963806152	
507	31.062500000	
508	33.284545898	
509	37.007194519	
510	38.397888184	
511	35.558593750	
512	0.000000000	
