0	24.000000000	
1	31.098630905	
2	24.675350189	
3	27.122947693	
4	27.921533585	
5	24.871152878	
6	28.648700714	
7	26.703872681	
8	28.154308319	
9	25.565130234	
10	26.126253128	
11	27.446540833	
12	25.405199051	
13	28.735471725	
14	24.226312637	
15	26.268304825	
16	23.703407288	
17	26.104207993	
18	29.038702011	
19	27.481006622	
20	25.493270874	
21	24.950269699	
22	26.404054642	
23	25.477777481	
24	27.489641190	
25	26.770072937	
26	26.402492523	
27	33.733161926	
28	24.499141693	
29	28.168951035	
30	25.352705002	
31	26.607198715	
32	26.668455124	
33	25.306657791	
34	26.794582367	
35	24.187622070	
36	26.709917068	
37	25.813453674	
38	24.616704941	
39	25.373552322	
40	25.949052811	
41	28.081457138	
42	21.432014465	
43	25.987079620	
44	25.294504166	
45	25.968553543	
46	29.182910919	
47	24.273380280	
48	26.019598007	
49	27.062124252	
50	29.263608932	
51	26.821052551	
52	27.510551453	
53	29.798170090	
54	23.655784607	
55	27.958755493	
56	28.928791046	
57	28.456134796	
58	30.696084976	
59	30.542158127	
60	31.704040527	
61	35.006832123	
62	42.047966003	
63	40.400032043	
64	46.291065216	
65	49.208465576	
66	52.274372101	
67	56.459350586	
68	55.647319794	
69	62.074756622	
70	62.135200500	
71	62.943397522	
72	61.821571350	
73	58.118003845	
74	66.176666260	
75	68.219566345	
76	62.085941315	
77	58.903038025	
78	55.530136108	
79	52.209915161	
80	51.479236603	
81	50.756820679	
82	41.385475159	
83	44.206401825	
84	42.205661774	
85	39.787303925	
86	36.764369965	
87	37.167915344	
88	44.245399475	
89	36.999629974	
90	36.149303436	
91	39.759201050	
92	41.635200500	
93	38.621482849	
94	34.231800079	
95	36.190586090	
96	34.153663635	
97	34.202014923	
98	29.103080750	
99	29.134267807	
100	28.671342850	
101	25.272544861	
102	27.833667755	
103	24.939880371	
104	26.571142197	
105	22.443058014	
106	21.125345230	
107	24.029798508	
108	19.386154175	
109	23.550199509	
110	18.850322723	
111	25.590953827	
112	23.254642487	
113	23.344690323	
114	24.258104324	
115	21.081729889	
116	24.145328522	
117	23.616985321	
118	23.622652054	
119	21.912389755	
120	23.326698303	
121	22.846868515	
122	22.903236389	
123	27.999469757	
124	27.476243973	
125	32.670085907	
126	35.171619415	
127	38.494144440	
128	43.795555115	
129	46.346267700	
130	55.463016510	
131	54.668792725	
132	57.164581299	
133	54.099319458	
134	52.066711426	
135	54.927856445	
136	51.244487762	
137	54.274623871	
138	41.833667755	
139	42.142284393	
140	37.917835236	
141	36.825653076	
142	39.923587799	
143	33.521766663	
144	39.567134857	
145	35.472110748	
146	34.757686615	
147	31.936840057	
148	30.463174820	
149	32.488979340	
150	27.546339035	
151	29.455873489	
152	26.001646042	
153	26.976173401	
154	23.660608292	
155	20.365930557	
156	20.958137512	
157	20.761816025	
158	24.802635193	
159	20.836153030	
160	20.652624130	
161	21.919996262	
162	22.583293915	
163	22.646078110	
164	21.438199997	
165	29.739297867	
166	23.170179367	
167	24.752992630	
168	28.257120132	
169	30.577720642	
170	38.986152649	
171	38.033638000	
172	47.214427948	
173	45.326622009	
174	45.441921234	
175	46.914340973	
176	43.880569458	
177	44.352828979	
178	34.935493469	
179	34.640678406	
180	36.096416473	
181	35.627735138	
182	35.982257843	
183	34.064086914	
184	35.635269165	
185	29.941606522	
186	29.875751495	
187	26.140279770	
188	25.987976074	
189	23.462528229	
190	20.817270279	
191	25.259895325	
192	19.947095871	
193	22.702339172	
194	21.681365967	
195	21.002132416	
196	24.267099380	
197	21.854642868	
198	24.052795410	
199	20.803579330	
200	25.784425735	
201	26.282251358	
202	28.735040665	
203	32.502956390	
204	33.667690277	
205	42.242622375	
206	41.694965363	
207	42.026809692	
208	42.495243073	
209	39.303279877	
210	39.808372498	
211	36.476043701	
212	37.537227631	
213	34.987689972	
214	37.366016388	
215	36.728500366	
216	30.859502792	
217	28.128673553	
218	23.671342850	
219	26.068248749	
220	22.969505310	
221	23.288978577	
222	22.430862427	
223	22.691383362	
224	24.364728928	
225	21.486974716	
226	24.569137573	
227	19.162801743	
228	25.048095703	
229	26.505010605	
230	26.765096664	
231	32.074459076	
232	33.235378265	
233	40.496994019	
234	44.445224762	
235	46.358211517	
236	46.575149536	
237	44.984607697	
238	45.770130157	
239	37.788932800	
240	38.572971344	
241	34.514427185	
242	37.575138092	
243	33.081634521	
244	27.976860046	
245	30.310003281	
246	28.554410934	
247	30.211128235	
248	25.431512833	
249	24.602077484	
250	24.920860291	
251	23.436223984	
252	28.583322525	
253	16.718624115	
254	24.649602890	
255	25.612583160	
256	28.659366608	
257	29.542142868	
258	31.993988037	
259	39.845199585	
260	39.507015228	
261	44.897796631	
262	43.500728607	
263	41.948192596	
264	38.424343109	
265	36.255508423	
266	35.340038300	
267	29.988542557	
268	34.014186859	
269	30.593559265	
270	29.156818390	
271	26.555294037	
272	23.495853424	
273	27.273706436	
274	20.608913422	
275	24.617235184	
276	24.010356903	
277	24.282566071	
278	25.138677597	
279	25.845691681	
280	32.895904541	
281	34.193801880	
282	38.136676788	
283	39.492950439	
284	43.089569092	
285	44.082965851	
286	43.906871796	
287	42.666580200	
288	33.350112915	
289	37.038650513	
290	34.365417480	
291	31.294584274	
292	30.839815140	
293	28.736562729	
294	30.796136856	
295	26.217863083	
296	26.380737305	
297	24.235143661	
298	24.278945923	
299	28.417692184	
300	26.061052322	
301	29.937599182	
302	32.987823486	
303	37.841724396	
304	38.045364380	
305	40.763530731	
306	41.728206635	
307	34.523559570	
308	41.788116455	
309	38.791625977	
310	38.110088348	
311	33.385562897	
312	31.100641251	
313	31.875366211	
314	25.882659912	
315	30.699604034	
316	28.444368362	
317	28.499681473	
318	27.174577713	
319	25.318962097	
320	29.732740402	
321	25.261606216	
322	33.628005981	
323	31.718763351	
324	35.474811554	
325	37.735393524	
326	39.012786865	
327	41.863727570	
328	36.038360596	
329	37.371711731	
330	33.398284912	
331	32.957714081	
332	31.408784866	
333	28.206405640	
334	29.316375732	
335	26.129472733	
336	29.537075043	
337	25.390134811	
338	23.677249908	
339	24.710527420	
340	26.683727264	
341	32.640331268	
342	29.331523895	
343	32.646701813	
344	33.780426025	
345	37.757671356	
346	37.542827606	
347	33.952835083	
348	35.662208557	
349	30.322383881	
350	31.723173141	
351	26.631784439	
352	26.134815216	
353	29.269609451	
354	24.987979889	
355	25.156457901	
356	24.237588882	
357	27.103488922	
358	27.612924576	
359	29.148212433	
360	31.720840454	
361	31.051092148	
362	33.978969574	
363	33.255363464	
364	36.361450195	
365	33.831165314	
366	29.720724106	
367	26.662450790	
368	25.308616638	
369	29.375989914	
370	23.385324478	
371	24.148307800	
372	25.076152802	
373	27.513025284	
374	29.112972260	
375	25.695518494	
376	29.624835968	
377	31.647499084	
378	35.012023926	
379	34.334671021	
380	34.635269165	
381	34.772079468	
382	29.460504532	
383	32.337448120	
384	29.529058456	
385	30.761936188	
386	28.347484589	
387	26.523090363	
388	27.228677750	
389	23.056003571	
390	26.737451553	
391	23.966369629	
392	28.572904587	
393	30.288444519	
394	32.827308655	
395	35.073207855	
396	33.388156891	
397	36.182956696	
398	33.330604553	
399	35.011466980	
400	32.400802612	
401	28.900928497	
402	29.775550842	
403	26.179477692	
404	28.433765411	
405	23.960855484	
406	25.978076935	
407	27.377834320	
408	29.299720764	
409	30.742120743	
410	30.150476456	
411	38.512676239	
412	34.396129608	
413	33.469886780	
414	31.846450806	
415	29.770490646	
416	29.559118271	
417	26.012023926	
418	28.375411987	
419	24.111051559	
420	23.666090012	
421	24.139835358	
422	22.700426102	
423	27.118236542	
424	27.971944809	
425	31.888341904	
426	31.843627930	
427	33.749427795	
428	31.740028381	
429	33.949787140	
430	39.339889526	
431	28.380809784	
432	30.603784561	
433	26.243789673	
434	24.016031265	
435	23.521030426	
436	23.092140198	
437	29.803510666	
438	25.926465988	
439	30.260873795	
440	31.166810989	
441	32.792732239	
442	36.225658417	
443	35.484680176	
444	34.119312286	
445	25.451749802	
446	29.733306885	
447	26.915815353	
448	25.713895798	
449	26.300403595	
450	22.914264679	
451	25.038312912	
452	25.638010025	
453	31.030004501	
454	30.253492355	
455	32.520629883	
456	35.869449615	
457	31.231925964	
458	34.264194489	
459	29.163497925	
460	25.803485870	
461	23.675174713	
462	22.987802505	
463	23.097188950	
464	20.680347443	
465	26.828651428	
466	27.850875854	
467	32.984840393	
468	34.052757263	
469	32.309127808	
470	30.716720581	
471	29.908451080	
472	32.565570831	
473	24.025276184	
474	23.505544662	
475	24.230897903	
476	21.330469131	
477	23.739381790	
478	23.238845825	
479	27.196678162	
480	28.122287750	
481	31.547719955	
482	30.529306412	
483	28.521291733	
484	33.438087463	
485	27.204231262	
486	28.717781067	
487	24.972221375	
488	24.831499100	
489	19.274332047	
490	18.580568314	
491	24.342708588	
492	23.671298981	
493	28.556877136	
494	27.663755417	
495	29.589097977	
496	30.807615280	
497	28.091337204	
498	27.521041870	
499	0.000000000	
