0	60.000000000	
1	59.897846222	
2	59.909774780	
3	60.733081818	
4	55.977443695	
5	57.135337830	
6	60.504608154	
7	57.815788269	
8	58.147380829	
9	56.289390564	
10	57.182655334	
11	58.120300293	
12	53.706768036	
13	56.210525513	
14	58.232685089	
15	58.222145081	
16	60.299736023	
17	59.443607330	
18	58.932445526	
19	59.357143402	
20	56.108371735	
21	56.686981201	
22	58.005256653	
23	55.663463593	
24	55.714286804	
25	53.725563049	
26	54.075187683	
27	59.049125671	
28	56.789474487	
29	55.414493561	
30	56.798347473	
31	56.754932404	
32	55.224941254	
33	53.312030792	
34	50.383457184	
35	48.966758728	
36	50.000000000	
37	50.000000000	
38	49.938774109	
39	49.127933502	
40	51.641696930	
41	52.635337830	
42	52.000000000	
43	52.000000000	
44	52.586467743	
45	53.905307770	
46	56.188251495	
47	57.609050751	
48	57.855503082	
49	60.307479858	
50	61.870937347	
51	62.535415649	
52	65.595451355	
53	67.130958557	
54	64.701675415	
55	67.559555054	
56	65.803321838	
57	66.020408630	
58	67.342018127	
59	65.771018982	
60	66.980781555	
61	67.932472229	
62	71.728363037	
63	72.922439575	
64	73.165412903	
65	74.923339844	
66	79.931877136	
67	77.063911438	
68	76.396514893	
69	75.472412109	
70	77.792243958	
71	76.083671570	
72	77.076431274	
73	80.393890381	
74	79.000511169	
75	84.637092590	
76	79.204078674	
77	74.254844666	
78	83.006614685	
79	82.518089294	
80	73.637969971	
81	68.038414001	
82	68.186447144	
83	68.011360168	
84	69.429359436	
85	60.392616272	
86	58.883487701	
87	58.251598358	
88	55.431625366	
89	54.443607330	
90	53.323307037	
91	51.710525513	
92	54.390975952	
93	55.302192688	
94	52.849060059	
95	53.959182739	
96	51.473682404	
97	50.947368622	
98	49.689750671	
99	52.173271179	
100	57.335800171	
101	53.450817108	
102	54.624061584	
103	55.478488922	
104	52.307590485	
105	55.814403534	
106	56.469161987	
107	56.041355133	
108	56.255638123	
109	56.939849854	
110	55.924812317	
111	53.751880646	
112	50.263156891	
113	50.495590210	
114	52.591835022	
115	54.191390991	
116	50.822883606	
117	47.769660950	
118	51.066650391	
119	52.973682404	
120	50.202159882	
121	52.796623230	
122	53.638816833	
123	51.028972626	
124	51.815761566	
125	50.371669769	
126	50.382270813	
127	55.797840118	
128	56.634010315	
129	59.388969421	
130	62.832496643	
131	64.419891357	
132	66.786361694	
133	67.500000000	
134	72.921699524	
135	80.849906921	
136	75.947364807	
137	78.039970398	
138	83.584144592	
139	82.060882568	
140	81.819946289	
141	78.277687073	
142	71.338348389	
143	68.375938416	
144	65.826782227	
145	62.003761292	
146	57.090225220	
147	53.429363251	
148	53.022895813	
149	53.110038757	
150	51.909774780	
151	51.169174194	
152	51.000000000	
153	49.680961609	
154	51.049861908	
155	51.149246216	
156	51.533836365	
157	50.111961365	
158	46.551700592	
159	50.978630066	
160	49.699249268	
161	52.447368622	
162	51.974842072	
163	48.678047180	
164	47.046752930	
165	47.406635284	
166	46.330825806	
167	48.838684082	
168	47.828254700	
169	46.241504669	
170	46.907852173	
171	46.938774109	
172	47.864437103	
173	56.186527252	
174	57.017299652	
175	58.673130035	
176	61.216178894	
177	64.058570862	
178	69.521850586	
179	67.216262817	
180	70.203010559	
181	75.644973755	
182	74.254844666	
183	73.082710266	
184	71.060150146	
185	68.137626648	
186	61.743228912	
187	55.858867645	
188	50.173835754	
189	46.094181061	
190	47.653060913	
191	49.440811157	
192	50.545028687	
193	51.859233856	
194	50.503761292	
195	49.511280060	
196	49.132965088	
197	49.155380249	
198	48.043754578	
199	47.228221893	
200	48.769573212	
201	47.762535095	
202	47.301994324	
203	47.239612579	
204	46.187969208	
205	48.253829956	
206	46.003334045	
207	48.383457184	
208	54.812992096	
209	56.602039337	
210	59.880886078	
211	62.553535461	
212	63.014019012	
213	66.097747803	
214	70.348976135	
215	71.572898865	
216	70.345863342	
217	64.764541626	
218	65.287353516	
219	62.973712921	
220	53.196334839	
221	52.343746185	
222	51.156368256	
223	46.211402893	
224	47.152355194	
225	49.343235016	
226	49.348182678	
227	46.830486298	
228	45.775508881	
229	45.856182098	
230	45.398044586	
231	45.954292297	
232	44.728984833	
233	42.091442108	
234	42.291988373	
235	46.725563049	
236	47.992481232	
237	46.316268921	
238	47.966758728	
239	51.875686646	
240	57.688339233	
241	61.353694916	
242	61.948837280	
243	67.889167786	
244	68.668045044	
245	66.304710388	
246	62.222454071	
247	61.265304565	
248	61.255527496	
249	51.605518341	
250	45.475719452	
251	43.251201630	
252	46.855957031	
253	47.444458008	
254	45.548873901	
255	43.489852905	
256	45.415737152	
257	44.375938416	
258	42.353382111	
259	41.742382050	
260	41.015037537	
261	39.414974213	
262	41.621177673	
263	42.979110718	
264	45.075187683	
265	46.709877014	
266	46.000000000	
