0	63.000000000	
1	70.233116150	
2	70.142761230	
3	75.352798462	
4	76.265541077	
5	73.625648499	
6	81.393066406	
7	75.458572388	
8	77.236068726	
9	72.824783325	
10	72.077369690	
11	73.625434875	
12	72.895950317	
13	76.247253418	
14	74.664741516	
15	73.769554138	
16	73.323699951	
17	73.476570129	
18	74.274551392	
19	73.141914368	
20	76.130538940	
21	72.084396362	
22	74.955680847	
23	71.394767761	
24	69.121383667	
25	72.801979065	
26	63.639690399	
27	73.028068542	
28	68.420532227	
29	69.586807251	
30	69.465499878	
31	68.007919312	
32	71.453102112	
33	61.813892365	
34	69.650550842	
35	67.979431152	
36	67.485519409	
37	66.245368958	
38	64.287094116	
39	68.438507080	
40	64.171485901	
41	63.955684662	
42	61.285442352	
43	58.744941711	
44	59.160659790	
45	54.912158966	
46	59.526901245	
47	49.701347351	
48	54.403923035	
49	52.668594360	
50	51.335258484	
51	53.109825134	
52	48.098766327	
53	56.393062592	
54	50.536201477	
55	51.445198059	
56	51.114170074	
57	51.002773285	
58	56.117744446	
59	48.804927826	
60	56.682815552	
61	49.296691895	
62	49.922080994	
63	51.061878204	
64	49.223506927	
65	49.129695892	
66	46.998764038	
67	51.980731964	
68	49.047290802	
69	48.146514893	
70	49.225433350	
71	50.913295746	
72	56.011157990	
73	49.304084778	
74	51.463172913	
75	52.938621521	
76	51.542293549	
77	51.464187622	
78	50.089912415	
79	53.851638794	
80	49.693687439	
81	53.073505402	
82	53.737445831	
83	52.278148651	
84	51.860168457	
85	48.493255615	
86	55.275531769	
87	48.854522705	
88	50.797588348	
89	50.557941437	
90	48.404624939	
91	53.592937469	
92	49.022830963	
93	56.666645050	
94	51.066856384	
95	52.577388763	
96	54.309165955	
97	52.464355469	
98	58.587558746	
99	54.054695129	
100	62.223094940	
101	61.546806335	
102	62.572254181	
103	65.859916687	
104	66.372261047	
105	77.208427429	
106	72.029502869	
107	78.247863770	
108	74.133850098	
109	73.261474609	
110	76.307174683	
111	68.179428101	
112	79.098197937	
113	71.367561340	
114	72.236991882	
115	72.747802734	
116	74.090560913	
117	74.205154419	
118	64.921226501	
119	72.781974792	
120	65.482810974	
121	67.655105591	
122	66.651115417	
123	61.995956421	
124	62.812633514	
125	52.399368286	
126	54.924854279	
127	50.701492310	
128	52.270542145	
129	52.560691833	
130	48.748794556	
131	55.112579346	
132	47.383174896	
133	48.909450531	
134	48.033878326	
135	47.560691833	
136	46.981067657	
137	43.439308167	
138	46.367702484	
139	43.619197845	
140	45.209228516	
141	43.859031677	
142	44.452369690	
143	47.425037384	
144	43.824985504	
145	50.406795502	
146	42.593448639	
147	46.070365906	
148	45.817581177	
149	46.080268860	
150	49.161849976	
151	45.715202332	
152	52.133327484	
153	52.653179169	
154	57.808578491	
155	63.109336853	
156	65.964050293	
157	71.897880554	
158	71.026977539	
159	70.002441406	
160	65.685935974	
161	68.995498657	
162	71.722541809	
163	69.247955322	
164	75.670516968	
165	68.040458679	
166	71.847785950	
167	67.501762390	
168	64.115608215	
169	61.283592224	
170	51.059928894	
171	57.830532074	
172	51.884414673	
173	52.666667938	
174	48.341041565	
175	46.132949829	
176	49.549133301	
177	44.012630463	
178	45.419780731	
179	41.462104797	
180	44.784458160	
181	45.090057373	
182	43.400772095	
183	45.710983276	
184	44.015415192	
185	46.978805542	
186	43.647399902	
187	44.142581940	
188	42.923698425	
189	40.635837555	
190	46.803466797	
191	44.791908264	
192	50.248222351	
193	54.081157684	
194	58.398845673	
195	63.063583374	
196	62.142135620	
197	63.217681885	
198	58.955059052	
199	63.672447205	
200	62.102119446	
201	62.236995697	
202	64.053947449	
203	56.656665802	
204	60.691501617	
205	52.803466797	
206	53.119461060	
207	48.717464447	
208	46.041397095	
209	47.869010925	
210	39.577701569	
211	44.969169617	
212	40.338310242	
213	43.045272827	
214	42.706295013	
215	40.006950378	
216	44.790702820	
217	37.277458191	
218	43.535644531	
219	39.682079315	
220	41.609752655	
221	44.027675629	
222	43.392597198	
223	52.419059753	
224	52.119728088	
225	55.496608734	
226	57.369941711	
227	61.242218018	
228	63.628021240	
229	60.645473480	
230	68.285400391	
231	58.799827576	
232	61.543819427	
233	58.822734833	
234	55.861305237	
235	55.475067139	
236	49.688304901	
237	57.061313629	
238	47.852840424	
239	47.020503998	
240	48.150489807	
241	49.102119446	
242	50.210098267	
243	43.540180206	
244	42.276920319	
245	43.548465729	
246	44.843929291	
247	44.983997345	
248	44.250480652	
249	46.207656860	
250	46.947097778	
251	54.624279022	
252	55.092586517	
253	59.371913910	
254	64.050285339	
255	59.586254120	
256	65.179191589	
257	63.699420929	
258	64.702362061	
259	59.760120392	
260	57.051063538	
261	55.921916962	
262	51.698318481	
263	53.555603027	
264	44.074241638	
265	49.290943146	
266	47.786128998	
267	46.202312469	
268	48.078975677	
269	45.206333160	
270	46.918205261	
271	44.780403137	
272	44.597301483	
273	43.983760834	
274	46.184703827	
275	50.481159210	
276	51.112434387	
277	59.385356903	
278	61.249435425	
279	62.826992035	
280	64.186897278	
281	63.471759796	
282	66.551742554	
283	58.518081665	
284	56.503501892	
285	51.745765686	
286	51.477840424	
287	52.806854248	
288	47.093990326	
289	52.184738159	
290	45.416183472	
291	49.843929291	
292	43.908370972	
293	42.169456482	
294	45.606937408	
295	41.552986145	
296	48.452606201	
297	47.600219727	
298	52.501842499	
299	58.506744385	
300	60.144508362	
301	63.945705414	
302	58.626937866	
303	64.565269470	
304	60.217315674	
305	62.019268036	
306	61.316951752	
307	56.828517914	
308	58.216388702	
309	49.023120880	
310	52.905620575	
311	51.356452942	
312	49.532493591	
313	49.318264008	
314	48.201065063	
315	48.329479218	
316	45.300579071	
317	50.665275574	
318	52.734104156	
319	55.538673401	
320	58.697853088	
321	59.694076538	
322	66.159263611	
323	58.618721008	
324	62.552207947	
325	61.027542114	
326	59.670520782	
327	62.357711792	
328	55.323242188	
329	62.219608307	
330	53.951751709	
331	52.411174774	
332	50.361721039	
333	47.849712372	
334	49.061656952	
335	46.739116669	
336	50.496810913	
337	49.254459381	
338	52.386783600	
339	55.045406342	
340	56.241973877	
341	60.658958435	
342	60.127166748	
343	61.644668579	
344	56.923728943	
345	57.142604828	
346	58.333332062	
347	52.842002869	
348	55.614555359	
349	47.441032410	
350	51.633556366	
351	46.669151306	
352	45.009632111	
353	48.060565948	
354	42.838649750	
355	49.501087189	
356	47.013187408	
357	48.167629242	
358	49.507377625	
359	53.608951569	
360	59.359283447	
361	54.254333496	
362	60.456569672	
363	54.421966553	
364	54.269294739	
365	53.366088867	
366	50.230243683	
367	51.539497375	
368	44.009632111	
369	47.940490723	
370	43.547206879	
371	45.317485809	
372	45.661598206	
373	42.513347626	
374	49.699176788	
375	47.167629242	
376	54.773788452	
377	51.040672302	
378	52.558456421	
379	56.378440857	
380	51.473987579	
381	53.979118347	
382	50.462394714	
383	50.499370575	
384	48.709644318	
385	45.809249878	
386	43.683059692	
387	44.884391785	
388	48.766513824	
389	41.773128510	
390	45.213138580	
391	45.581096649	
392	46.286056519	
393	53.463462830	
394	50.985809326	
395	50.233608246	
396	49.475158691	
397	51.628131866	
398	49.550559998	
399	46.077983856	
400	50.373794556	
401	42.820755005	
402	47.735542297	
403	44.260963440	
404	45.874336243	
405	46.422431946	
406	42.621616364	
407	48.710983276	
408	43.624279022	
409	51.812877655	
410	51.444519043	
411	51.259815216	
412	51.920310974	
413	48.163978577	
414	55.520229340	
415	41.901657104	
416	46.758472443	
417	46.804538727	
418	44.772373199	
419	45.974193573	
420	43.163185120	
421	45.645416260	
422	42.047111511	
423	44.959537506	
424	48.420040131	
425	51.225143433	
426	53.134853363	
427	47.884391785	
428	54.450866699	
429	47.770023346	
430	47.856315613	
431	48.225433350	
432	45.052993774	
433	48.009632111	
434	40.695568085	
435	44.128269196	
436	42.287780762	
437	43.204750061	
438	45.975242615	
439	47.992248535	
440	52.875049591	
441	48.635837555	
442	49.530746460	
443	48.798744202	
444	49.893917084	
445	52.007705688	
446	45.578792572	
447	50.479904175	
448	44.503536224	
449	46.330615997	
450	43.830364227	
451	43.104045868	
452	45.809249878	
453	41.365398407	
454	48.152214050	
455	47.490650177	
456	51.716762543	
457	49.722541809	
458	44.880504608	
459	50.202312469	
460	45.115608215	
461	47.458786011	
462	44.829597473	
463	43.484569550	
464	40.672725677	
465	38.381504059	
466	42.827503204	
467	43.376224518	
468	47.786262512	
469	47.167629242	
470	48.751445770	
471	49.549133301	
472	44.768932343	
473	47.918182373	
474	44.253200531	
475	44.151935577	
476	41.122589111	
477	39.049682617	
478	39.372123718	
479	38.811176300	
480	42.745666504	
481	40.026386261	
482	43.851303101	
483	43.745666504	
484	43.620422363	
485	46.910140991	
486	37.197666168	
487	43.982345581	
488	38.736030579	
489	37.633132935	
490	36.829586029	
491	35.005290985	
492	36.657588959	
493	37.403911591	
494	42.912235260	
495	43.346820831	
496	43.500965118	
497	42.012340546	
498	40.503459930	
499	46.391616821	
500	33.804138184	
501	37.067928314	
502	35.473987579	
503	34.899887085	
504	36.290554047	
505	32.889659882	
506	36.107990265	
507	38.890174866	
508	42.131423950	
509	43.645771027	
510	43.895954132	
511	43.350173950	
512	35.903659821	
513	40.774566650	
514	30.683450699	
515	32.529510498	
516	33.260116577	
517	31.502801895	
518	35.000000000	
519	0.000000000	
