0	28.000000000	
1	26.366935730	
2	23.798387527	
3	26.304435730	
4	27.129032135	
5	24.502016068	
6	23.596775055	
7	23.808467865	
8	28.741935730	
9	25.296371460	
10	24.677419662	
11	25.550403595	
12	26.612903595	
13	26.554435730	
14	23.274192810	
15	25.985887527	
16	23.516128540	
17	23.844758987	
18	23.185483932	
19	23.179435730	
20	25.338708878	
21	25.177419662	
22	22.000000000	
23	22.469758987	
24	21.387096405	
25	24.520160675	
26	22.919355392	
27	23.185483932	
28	24.000000000	
29	22.641128540	
30	22.008064270	
31	23.375000000	
32	24.000000000	
33	23.695564270	
34	21.620967865	
35	20.856855392	
36	23.580644608	
37	20.959676743	
38	24.661291122	
39	21.542339325	
40	24.032258987	
41	21.366935730	
42	19.233871460	
43	22.247983932	
44	19.290323257	
45	21.500000000	
46	21.120967865	
47	21.372983932	
48	22.838708878	
49	24.219758987	
50	25.387096405	
51	26.504032135	
52	21.080644608	
53	22.421371460	
54	25.443548203	
55	23.274192810	
56	24.741935730	
57	25.961692810	
58	26.129032135	
59	28.254032135	
60	24.048387527	
61	26.707660675	
62	24.000000000	
63	26.776208878	
64	29.516128540	
65	28.578628540	
66	29.129032135	
67	26.465724945	
68	31.709676743	
69	32.090724945	
70	35.741935730	
71	37.395160675	
72	37.677417755	
73	43.931449890	
74	51.072582245	
75	56.610885620	
76	60.435482025	
77	61.377017975	
78	62.241935730	
79	66.195564270	
80	67.935485840	
81	66.002014160	
82	61.556449890	
83	57.699596405	
84	56.354839325	
85	52.776210785	
86	47.217742920	
87	43.383064270	
88	40.419353485	
89	36.264114380	
90	34.000000000	
91	34.500000000	
92	28.935483932	
93	28.687500000	
94	24.064516068	
95	22.000000000	
96	24.225807190	
97	23.639112473	
98	24.879032135	
99	22.846775055	
100	19.919355392	
101	18.439516068	
102	18.000000000	
103	18.500000000	
104	19.322580338	
105	21.000000000	
106	21.000000000	
107	18.594758987	
108	17.000000000	
109	18.491935730	
110	18.637096405	
111	17.770160675	
112	17.387096405	
113	18.981855392	
114	21.983871460	
115	20.209676743	
116	20.129032135	
117	19.705644608	
118	17.596775055	
119	20.582660675	
120	23.000000000	
121	21.000000000	
122	19.766128540	
123	22.949596405	
124	25.000000000	
125	24.000000000	
126	23.000000000	
127	24.352823257	
128	28.870967865	
129	27.917339325	
130	30.104839325	
131	33.705646515	
132	37.306449890	
133	41.860885620	
134	46.677417755	
135	50.391128540	
136	48.290321350	
137	50.925403595	
138	49.088710785	
139	45.239917755	
140	43.370967865	
141	43.024192810	
142	39.790321350	
143	36.056449890	
144	35.677417755	
145	28.207660675	
146	25.000000000	
147	22.961692810	
148	22.225807190	
149	23.612903595	
150	17.201612473	
151	21.536291122	
152	20.451612473	
153	20.000000000	
154	16.951612473	
155	18.250000000	
156	22.306451797	
157	16.153224945	
158	19.854839325	
159	17.629032135	
160	18.709676743	
161	19.135080338	
162	19.774192810	
163	20.758064270	
164	19.532258987	
165	21.955644608	
166	21.088708878	
167	19.610887527	
168	21.580644608	
169	24.536291122	
170	26.000000000	
171	26.245967865	
172	27.903224945	
173	35.848789215	
174	42.080646515	
175	41.429435730	
176	43.903224945	
177	42.985885620	
178	39.000000000	
179	38.139114380	
180	32.145160675	
181	32.788307190	
182	27.088708878	
183	27.175403595	
184	25.419355392	
185	20.883064270	
186	19.250000000	
187	21.266128540	
188	21.032258987	
189	21.201612473	
190	17.129032135	
191	17.377016068	
192	18.451612473	
193	18.522176743	
194	18.000000000	
195	18.104839325	
196	19.838708878	
197	20.000000000	
198	20.000000000	
199	21.560483932	
200	20.290323257	
201	17.897176743	
202	23.483871460	
203	27.951612473	
204	29.854839325	
205	32.304435730	
206	36.354839325	
207	39.639114380	
208	41.000000000	
209	40.473789215	
210	42.112903595	
211	43.346775055	
212	35.096775055	
213	32.471775055	
214	27.330644608	
215	25.391128540	
216	26.483871460	
217	22.687500000	
218	18.024192810	
219	19.141128540	
220	19.725807190	
221	20.000000000	
222	19.540323257	
223	19.663307190	
224	20.193548203	
225	19.439516068	
226	17.072580338	
227	17.705644608	
228	20.322580338	
229	22.028224945	
230	23.395160675	
231	25.524192810	
232	28.516128540	
233	32.981853485	
234	39.177417755	
235	43.554435730	
236	45.000000000	
237	43.145160675	
238	39.661289215	
239	40.314517975	
240	37.064517975	
241	34.465724945	
242	27.008064270	
243	28.661291122	
244	26.806451797	
245	22.598791122	
246	21.733871460	
247	21.332660675	
248	23.000000000	
249	21.199596405	
250	19.266128540	
251	19.701612473	
252	20.467741013	
253	20.830644608	
254	20.000000000	
255	20.739919662	
256	24.741935730	
257	27.407258987	
258	30.000000000	
259	33.717742920	
260	35.387096405	
261	34.985885620	
262	38.314517975	
263	33.497982025	
264	32.129032135	
265	29.286291122	
266	26.814516068	
267	25.697580338	
268	23.677419662	
269	22.985887527	
270	20.217741013	
271	23.788307190	
272	20.967741013	
273	22.866935730	
274	20.838708878	
275	21.110887527	
276	23.274192810	
277	22.500000000	
278	21.000000000	
279	23.437500000	
280	28.225807190	
281	30.435483932	
282	32.427417755	
283	37.356853485	
284	39.000000000	
285	38.731853485	
286	36.169353485	
287	38.431449890	
288	32.903224945	
289	28.860887527	
290	25.943548203	
291	23.360887527	
292	22.564516068	
293	19.572580338	
294	24.274192810	
295	21.643144608	
296	22.225807190	
297	22.280241013	
298	23.733871460	
299	26.217741013	
300	22.080644608	
301	22.947580338	
302	27.887096405	
303	32.385082245	
304	38.290321350	
305	39.338710785	
306	36.717742920	
307	36.947582245	
308	39.919353485	
309	33.643146515	
310	29.500000000	
311	27.223791122	
312	25.000000000	
313	23.447580338	
314	21.870967865	
315	24.449596405	
316	19.290323257	
317	24.002016068	
318	23.943548203	
319	22.723791122	
320	22.838708878	
321	24.429435730	
322	26.306451797	
323	28.580644608	
324	32.548385620	
325	35.885082245	
326	35.758064270	
327	32.548385620	
328	30.000000000	
329	28.334676743	
330	22.911291122	
331	23.044355392	
332	23.177419662	
333	21.155241013	
334	21.112903595	
335	23.423387527	
336	24.709676743	
337	22.792339325	
338	17.072580338	
339	20.727823257	
340	22.758064270	
341	25.562500000	
342	27.983871460	
343	30.038307190	
344	31.451612473	
345	31.500000000	
346	30.959676743	
347	29.260080338	
348	26.919355392	
349	25.060483932	
350	21.862903595	
351	20.235887527	
352	22.193548203	
353	18.197580338	
354	24.266128540	
355	21.332660675	
356	20.000000000	
357	21.247983932	
358	23.725807190	
359	25.844758987	
360	27.096775055	
361	27.981855392	
362	29.661291122	
363	31.592741013	
364	30.870967865	
365	26.558467865	
366	23.596775055	
367	23.504032135	
368	20.000000000	
369	19.600807190	
370	19.766128540	
371	20.316532135	
372	20.500000000	
373	20.550403595	
374	22.701612473	
375	24.701612473	
376	26.903224945	
377	27.582660675	
378	28.701612473	
379	29.500000000	
380	30.000000000	
381	29.546371460	
382	27.661291122	
383	24.427419662	
384	21.193548203	
385	21.000000000	
386	22.274192810	
387	22.500000000	
388	21.629032135	
389	20.856855392	
390	22.419355392	
391	25.887096405	
392	28.516128540	
393	28.294355392	
394	27.427419662	
395	28.977823257	
396	30.080644608	
397	28.693548203	
398	31.758064270	
399	26.556451797	
400	26.000000000	
401	20.614919662	
402	21.556451797	
403	25.000000000	
404	22.758064270	
405	20.500000000	
406	19.000000000	
407	24.106855392	
408	28.419355392	
409	28.364919662	
410	27.887096405	
411	31.620967865	
412	34.290321350	
413	29.433467865	
414	26.177419662	
415	24.554435730	
416	23.354839325	
417	22.256048203	
418	21.000000000	
419	21.754032135	
420	21.774192810	
421	19.030241013	
422	23.080644608	
423	26.356855392	
424	28.580644608	
425	30.171371460	
426	30.685483932	
427	29.637096405	
428	28.000000000	
429	28.000000000	
430	28.782258987	
431	24.280241013	
432	24.548387527	
433	21.627016068	
434	17.500000000	
435	21.915323257	
436	18.080644608	
437	21.903224945	
438	25.153224945	
439	27.669355392	
440	31.258064270	
441	31.203628540	
442	26.814516068	
443	27.000000000	
444	28.000000000	
445	23.534275055	
446	20.346775055	
447	21.540323257	
448	23.000000000	
449	20.356855392	
450	20.604839325	
451	23.939516068	
452	26.419355392	
453	28.000000000	
454	29.588708878	
455	30.500000000	
456	29.677419662	
457	28.120967865	
458	25.887096405	
459	23.691532135	
460	20.629032135	
461	18.685483932	
462	18.524192810	
463	20.086692810	
464	21.258064270	
465	23.812500000	
466	26.983871460	
467	27.929435730	
468	29.451612473	
469	32.574596405	
470	30.782258987	
471	24.846775055	
472	21.612903595	
473	19.318548203	
474	16.217741013	
475	19.677419662	
476	20.338708878	
477	19.679435730	
478	19.790323257	
479	22.810483932	
480	27.387096405	
481	29.479839325	
482	25.548387527	
483	27.324596405	
484	24.419355392	
485	19.731855392	
486	18.000000000	
487	18.598791122	
488	18.870967865	
489	17.637096405	
490	21.193548203	
491	23.165323257	
492	24.532258987	
493	27.495967865	
494	29.669355392	
495	26.500000000	
496	0.000000000	
