0	60.000000000	
1	56.862560272	
2	58.144001007	
3	56.988960266	
4	59.832000732	
5	60.229999542	
6	56.748001099	
7	58.844638824	
8	57.071998596	
9	58.105998993	
10	54.908000946	
11	56.436000824	
12	60.776641846	
13	61.145999908	
14	57.224479675	
15	55.765998840	
16	57.036159515	
17	55.519840240	
18	56.302238464	
19	55.837841034	
20	57.768001556	
21	55.984241486	
22	54.897281647	
23	54.739761353	
24	54.901439667	
25	55.099998474	
26	48.045761108	
27	50.529998779	
28	52.327041626	
29	51.119041443	
30	49.599998474	
31	49.119998932	
32	49.061439514	
33	49.155841827	
34	51.875999451	
35	52.069999695	
36	50.565761566	
37	49.390640259	
38	48.906078339	
39	50.067760468	
40	50.655998230	
41	51.043361664	
42	54.627998352	
43	50.958560944	
44	53.640319824	
45	56.125999451	
46	57.307998657	
47	58.770000458	
48	61.981758118	
49	63.035118103	
50	62.299999237	
51	66.552001953	
52	68.223999023	
53	66.867919922	
54	67.565116882	
55	67.690002441	
56	67.239356995	
57	71.355682373	
58	66.692481995	
59	75.980003357	
60	78.311996460	
61	76.080482483	
62	74.211997986	
63	75.693283081	
64	79.011520386	
65	73.746002197	
66	80.619361877	
67	77.723838806	
68	77.957443237	
69	79.233840942	
70	83.452003479	
71	85.129203796	
72	79.821121216	
73	79.130241394	
74	79.986557007	
75	81.699996948	
76	81.199676514	
77	76.808723450	
78	75.080963135	
79	74.651916504	
80	69.160003662	
81	61.587841034	
82	60.725440979	
83	62.554000854	
84	61.670719147	
85	57.770000458	
86	55.634239197	
87	55.667358398	
88	54.728000641	
89	51.480480194	
90	51.080001831	
91	54.591999054	
92	51.895999908	
93	51.653999329	
94	51.467998505	
95	48.950000763	
96	46.944000244	
97	49.633041382	
98	50.214241028	
99	53.728561401	
100	51.599998474	
101	53.386558533	
102	53.461761475	
103	53.190959930	
104	55.479999542	
105	57.305999756	
106	54.223678589	
107	54.000000000	
108	47.539840698	
109	48.296718597	
110	48.535999298	
111	47.670238495	
112	48.176639557	
113	49.163280487	
114	47.933761597	
115	47.236000061	
116	50.223999023	
117	49.591838837	
118	47.961120605	
119	47.218158722	
120	46.167999268	
121	45.774959564	
122	48.515041351	
123	51.976238251	
124	54.650878906	
125	57.500000000	
126	57.444641113	
127	62.330001831	
128	65.711997986	
129	67.624961853	
130	69.103996277	
131	71.291839600	
132	73.402877808	
133	73.933998108	
134	73.704002380	
135	72.954002380	
136	72.872001648	
137	71.970642090	
138	68.225440979	
139	65.252563477	
140	57.304000854	
141	60.721279144	
142	58.123680115	
143	49.583438873	
144	45.981441498	
145	46.881999969	
146	47.355998993	
147	44.667041779	
148	46.791999817	
149	48.551441193	
150	46.200000763	
151	45.953441620	
152	48.805759430	
153	51.333999634	
154	51.363998413	
155	49.673999786	
156	48.940158844	
157	47.667999268	
158	49.172161102	
159	48.720001221	
160	46.319999695	
161	46.400001526	
162	48.375198364	
163	46.673358917	
164	46.002239227	
165	46.173999786	
166	45.931999207	
167	45.374000549	
168	47.015998840	
169	50.333839417	
170	52.504001617	
171	52.816719055	
172	54.511039734	
173	57.799041748	
174	63.096321106	
175	67.349998474	
176	64.298561096	
177	60.793998718	
178	61.666080475	
179	61.623920441	
180	59.271999359	
181	55.423679352	
182	55.076000214	
183	49.494159698	
184	47.464000702	
185	45.594001770	
186	43.951999664	
187	45.310001373	
188	41.416641235	
189	43.867759705	
190	40.791999817	
191	41.172641754	
192	43.244159698	
193	44.639999390	
194	44.707839966	
195	44.683998108	
196	44.824001312	
197	43.068000793	
198	39.657760620	
199	40.270881653	
200	44.400001526	
201	42.871440887	
202	40.869281769	
203	44.255920410	
204	50.791999817	
205	51.585998535	
206	55.703041077	
207	54.015998840	
208	56.544319153	
209	59.866001129	
210	59.259998322	
211	57.236000061	
212	57.320640564	
213	51.515281677	
214	53.831520081	
215	50.366001129	
216	49.489280701	
217	45.640319824	
218	43.357440948	
219	44.282161713	
220	41.416000366	
221	39.264881134	
222	41.329120636	
223	41.842239380	
224	45.530559540	
225	44.799999237	
226	42.074878693	
227	42.902481079	
228	44.982078552	
229	41.243038177	
230	44.759998322	
231	43.265838623	
232	47.786560059	
233	50.014160156	
234	53.804000854	
235	58.402000427	
236	58.038719177	
237	59.428718567	
238	65.300003052	
239	68.595520020	
240	65.031997681	
241	62.339279175	
242	60.975521088	
243	56.284881592	
244	49.686721802	
245	48.555999756	
246	48.438079834	
247	46.534881592	
248	45.159999847	
249	46.756561279	
250	49.000000000	
251	47.701999664	
252	43.859519958	
253	41.030078888	
254	42.059040070	
255	46.537998199	
256	43.344318390	
257	44.223999023	
258	44.111999512	
259	45.942638397	
260	50.687999725	
261	52.621761322	
262	58.715358734	
263	57.626640320	
264	58.936000824	
265	59.130001068	
266	58.900638580	
267	57.599838257	
268	53.746879578	
269	49.512001038	
270	47.080001831	
271	46.184158325	
272	43.916160583	
273	43.388000488	
274	44.571998596	
275	45.000000000	
276	44.677440643	
277	45.000000000	
278	44.916000366	
279	44.037998199	
280	42.319999695	
281	41.626640320	
282	44.206558228	
283	48.987998962	
284	51.591358185	
285	52.889999390	
286	56.022239685	
287	61.213359833	
288	61.139839172	
289	58.100719452	
290	54.023998260	
291	52.341358185	
292	51.563838959	
293	49.760559082	
294	47.763839722	
295	47.020000458	
296	48.776000977	
297	49.428958893	
298	48.119518280	
299	46.432239532	
300	44.799999237	
301	45.520000458	
302	46.125759125	
303	52.255039215	
304	47.520961761	
305	50.886001587	
306	53.898880005	
307	57.474559784	
308	58.728641510	
309	60.136001587	
310	62.395999908	
311	55.997760773	
312	59.376640320	
313	55.254638672	
314	53.532001495	
315	51.234001160	
316	50.144001007	
317	48.808799744	
318	48.000000000	
319	48.000000000	
320	48.000000000	
321	47.069038391	
322	46.439998627	
323	46.690238953	
324	50.400001526	
325	53.299999237	
326	50.864318848	
327	53.358001709	
328	58.599040985	
329	59.071918488	
330	60.804000854	
331	55.348159790	
332	54.525440216	
333	54.970001221	
334	50.535999298	
335	47.209999084	
336	46.123519897	
337	47.579280853	
338	44.743518829	
339	47.600559235	
340	47.279998779	
341	46.845359802	
342	46.840000153	
343	45.787120819	
344	43.536640167	
345	48.076000214	
346	49.576000214	
347	52.664001465	
348	54.562240601	
349	53.936561584	
350	51.400001526	
351	49.644001007	
352	47.773761749	
353	45.144001007	
354	43.468959808	
355	43.180000305	
356	42.155521393	
357	41.429119110	
358	42.055839539	
359	43.594718933	
360	44.200000763	
361	43.720001221	
362	45.346721649	
363	47.599361420	
364	47.962238312	
365	47.459999084	
366	47.234718323	
367	48.151679993	
368	50.866878510	
369	49.038158417	
370	45.043998718	
371	43.544799805	
372	42.223678589	
373	42.518001556	
374	41.000000000	
375	41.750000000	
376	43.520000458	
377	43.027999878	
378	41.180961609	
379	41.701038361	
380	44.319999695	
381	44.180961609	
382	43.978561401	
383	48.296001434	
384	51.935359955	
385	52.256000519	
386	47.765758514	
387	44.804641724	
388	43.332160950	
389	43.507759094	
390	41.383998871	
391	40.933998108	
392	43.680000305	
393	42.666000366	
394	41.548000336	
395	45.020000458	
396	47.503040314	
397	47.695041656	
398	48.532001495	
399	51.286239624	
400	49.400001526	
401	51.364559174	
402	50.086238861	
403	47.571041107	
404	46.943038940	
405	46.082000732	
406	44.652160645	
407	41.754558563	
408	40.163841248	
409	42.509998322	
410	46.900001526	
411	43.808238983	
412	45.791358948	
413	49.174640656	
414	50.365760803	
415	50.984001160	
416	52.007999420	
417	48.833679199	
418	46.722560883	
419	46.776161194	
420	46.551998138	
421	46.817920685	
422	45.381919861	
423	44.251998901	
424	42.965118408	
425	41.150001526	
426	42.465438843	
427	42.923759460	
428	47.704959869	
429	50.554958344	
430	50.644001007	
431	50.417999268	
432	51.000000000	
433	50.652000427	
434	48.931358337	
435	47.326000214	
436	44.522239685	
437	44.686000824	
438	44.655361176	
439	43.395999908	
440	41.423999786	
441	41.210639954	
442	44.695838928	
443	48.171440125	
444	46.624000549	
445	48.872001648	
446	53.776000977	
447	50.801998138	
448	46.155521393	
449	46.791439056	
450	48.599998474	
451	43.167999268	
452	38.557758331	
453	40.288879395	
454	43.299678802	
455	41.023998260	
456	41.584320068	
457	44.324321747	
458	46.672161102	
459	48.675918579	
460	47.672000885	
461	47.869758606	
462	48.189281464	
463	45.073360443	
464	41.495998383	
465	39.444000244	
466	38.407360077	
467	39.363681793	
468	40.930881500	
469	39.555999756	
470	39.995998383	
471	44.154079437	
472	47.049919128	
473	47.851760864	
474	46.102878571	
475	44.349998474	
476	49.090560913	
477	41.704238892	
478	40.880001068	
479	38.423038483	
480	37.408000946	
481	38.884639740	
482	36.269439697	
483	39.852001190	
484	37.776000977	
485	44.338001251	
486	44.502239227	
487	46.484638214	
488	46.272640228	
489	44.136798859	
490	42.139999390	
491	39.092639923	
492	36.891841888	
493	36.052558899	
494	36.087841034	
495	35.990001678	
496	36.976001740	
497	39.097999573	
498	41.274238586	
499	42.000000000	
500	42.000000000	
