0	48.000000000	
1	37.351142883	
2	42.890907288	
3	41.372413635	
4	42.000000000	
5	40.875522614	
6	36.883598328	
7	42.202018738	
8	41.749496460	
9	46.000000000	
10	43.373737335	
11	44.956050873	
12	40.655609131	
13	38.232322693	
14	41.290714264	
15	44.727272034	
16	43.000000000	
17	39.048225403	
18	40.393058777	
19	38.547473907	
20	43.007141113	
21	41.381816864	
22	40.353580475	
23	41.321716309	
24	36.127273560	
25	40.626464844	
26	36.055099487	
27	43.709091187	
28	38.315414429	
29	39.030303955	
30	38.210285187	
31	38.945465088	
32	41.747474670	
33	38.471111298	
34	40.998954773	
35	37.040813446	
36	38.472728729	
37	37.443786621	
38	39.370780945	
39	40.278789520	
40	38.626262665	
41	38.735157013	
42	35.867256165	
43	41.610267639	
44	36.311111450	
45	41.363636017	
46	37.731307983	
47	37.521812439	
48	39.613628387	
49	39.880386353	
50	39.881237030	
51	33.341743469	
52	39.185859680	
53	37.647277832	
54	37.680660248	
55	35.098766327	
56	36.177776337	
57	39.484260559	
58	37.914279938	
59	38.691265106	
60	35.109275818	
61	37.557575226	
62	35.074089050	
63	36.764957428	
64	36.999996185	
65	37.276195526	
66	38.315555573	
67	37.298988342	
68	42.652801514	
69	35.972743988	
70	39.018569946	
71	38.638381958	
72	39.834381104	
73	39.000000000	
74	37.859195709	
75	40.032138824	
76	37.379798889	
77	40.824195862	
78	40.557170868	
79	45.507072449	
80	42.791652679	
81	41.763305664	
82	44.195697784	
83	46.789596558	
84	51.640071869	
85	52.844913483	
86	61.944786072	
87	66.671661377	
88	72.148643494	
89	71.004043579	
90	73.694213867	
91	81.208274841	
92	80.377792358	
93	76.812088013	
94	69.423439026	
95	70.694931030	
96	60.996986389	
97	61.171718597	
98	57.311111450	
99	53.759998322	
100	53.511886597	
101	44.987876892	
102	46.893627167	
103	37.393249512	
104	39.513130188	
105	33.832874298	
106	31.201229095	
107	30.290435791	
108	31.986446381	
109	34.739395142	
110	30.111110687	
111	31.054546356	
112	29.416299820	
113	33.750370026	
114	30.220533371	
115	28.451993942	
116	29.755935669	
117	29.079669952	
118	32.383365631	
119	28.069364548	
120	28.954086304	
121	28.415307999	
122	28.652019501	
123	25.679374695	
124	25.824241638	
125	28.146514893	
126	27.945453644	
127	30.585597992	
128	28.000017166	
129	31.539394379	
130	29.696969986	
131	31.602020264	
132	30.191110611	
133	30.472393036	
134	31.024250031	
135	27.181818008	
136	33.016716003	
137	29.851440430	
138	34.357574463	
139	37.507190704	
140	38.461688995	
141	38.510890961	
142	42.499156952	
143	50.711112976	
144	53.656860352	
145	60.111518860	
146	60.483631134	
147	65.489768982	
148	64.783424377	
149	63.796760559	
150	57.460056305	
151	51.824440002	
152	47.521606445	
153	39.415206909	
154	44.555557251	
155	34.292930603	
156	36.670928955	
157	31.662025452	
158	29.406702042	
159	29.328521729	
160	26.765125275	
161	27.990453720	
162	21.237686157	
163	28.752326965	
164	22.758550644	
165	26.333333969	
166	24.604040146	
167	25.080390930	
168	28.723930359	
169	22.833906174	
170	24.646465302	
171	21.007602692	
172	27.723937988	
173	27.563636780	
174	26.907291412	
175	25.091011047	
176	26.741727829	
177	29.676656723	
178	26.008081436	
179	30.283370972	
180	32.760330200	
181	35.375759125	
182	34.349494934	
183	39.363636017	
184	43.802085876	
185	46.505050659	
186	51.441837311	
187	48.533332825	
188	49.830303192	
189	41.230083466	
190	43.360473633	
191	36.740184784	
192	35.018180847	
193	34.317584991	
194	29.979915619	
195	32.246097565	
196	24.554212570	
197	28.966497421	
198	24.799999237	
199	27.022222519	
200	24.222221375	
201	21.896968842	
202	22.668687820	
203	22.042011261	
204	21.374692917	
205	18.240791321	
206	24.748756409	
207	24.709091187	
208	24.730133057	
209	23.578271866	
210	26.121212006	
211	30.527273178	
212	28.728420258	
213	33.212120056	
214	27.696844101	
215	38.579940796	
216	42.454544067	
217	46.311111450	
218	48.747356415	
219	48.279083252	
220	47.444442749	
221	42.044143677	
222	41.950927734	
223	32.775756836	
224	34.781818390	
225	31.198347092	
226	32.038383484	
227	31.804040909	
228	26.954233170	
229	25.719861984	
230	24.898990631	
231	27.382223129	
232	25.974407196	
233	25.342226028	
234	22.054546356	
235	21.949596405	
236	25.220075607	
237	26.472690582	
238	27.503719330	
239	23.064712524	
240	27.969696045	
241	28.408149719	
242	33.577777863	
243	37.418182373	
244	41.327270508	
245	45.656360626	
246	45.544094086	
247	49.720798492	
248	45.058586121	
249	44.296970367	
250	35.878787994	
251	35.046459198	
252	32.075702667	
253	28.016790390	
254	29.476768494	
255	27.907255173	
256	30.024177551	
257	27.270017624	
258	29.054435730	
259	27.160228729	
260	25.631364822	
261	26.072727203	
262	26.000000000	
263	27.070875168	
264	22.248888016	
265	28.646362305	
266	30.805379868	
267	34.826961517	
268	34.444377899	
269	38.593013763	
270	43.586776733	
271	44.939949036	
272	47.870708466	
273	35.229125977	
274	40.424243927	
275	33.222221375	
276	32.388027191	
277	28.992454529	
278	29.410100937	
279	31.600330353	
280	26.767677307	
281	29.648611069	
282	25.042425156	
283	26.042425156	
284	25.169696808	
285	25.030303955	
286	24.219753265	
287	27.286542892	
288	27.290578842	
289	28.373737335	
290	33.037139893	
291	33.095722198	
292	43.254135132	
293	43.991970062	
294	46.066665649	
295	45.513927460	
296	41.914779663	
297	40.240001678	
298	34.165657043	
299	35.656566620	
300	31.059688568	
301	32.099109650	
302	29.105463028	
303	28.024206161	
304	28.543434143	
305	27.649627686	
306	28.624462128	
307	23.141414642	
308	28.235061646	
309	30.302883148	
310	33.397712708	
311	29.632322311	
312	31.077650070	
313	41.293258667	
314	44.745452881	
315	43.966941833	
316	38.346931458	
317	41.225727081	
318	38.164703369	
319	36.406913757	
320	32.505050659	
321	29.561836243	
322	29.586057663	
323	26.861968994	
324	30.927272797	
325	26.131313324	
326	28.989898682	
327	26.903030396	
328	26.199861526	
329	27.069290161	
330	31.333333969	
331	35.710971832	
332	29.930105209	
333	34.200000763	
334	38.291465759	
335	40.729824066	
336	36.589126587	
337	35.723232269	
338	35.829429626	
339	33.801799774	
340	34.541984558	
341	26.577777863	
342	30.948429108	
343	27.709091187	
344	28.614141464	
345	27.393939972	
346	27.503030777	
347	27.365655899	
348	24.775756836	
349	28.000000000	
350	32.040813446	
351	33.002315521	
352	34.494319916	
353	38.285015106	
354	37.226043701	
355	34.330375671	
356	34.578132629	
357	31.315078735	
358	31.875530243	
359	26.728738785	
360	30.495868683	
361	28.608079910	
362	27.953367233	
363	26.266666412	
364	26.559898376	
365	29.858585358	
366	25.381818771	
367	24.032323837	
368	26.408864975	
369	33.012893677	
370	33.974800110	
371	35.003433228	
372	34.765987396	
373	32.232830048	
374	34.593086243	
375	32.317722321	
376	32.290245056	
377	24.375158310	
378	28.836362839	
379	27.863172531	
380	28.224773407	
381	27.715150833	
382	23.278787613	
383	24.692790985	
384	26.975757599	
385	31.888889313	
386	32.967678070	
387	34.059173584	
388	34.069160461	
389	34.050067902	
390	34.090908051	
391	31.672727585	
392	31.206060410	
393	26.639705658	
394	32.331314087	
395	30.171411514	
396	29.959999084	
397	28.067506790	
398	26.293464661	
399	28.013628006	
400	26.668401718	
401	32.787879944	
402	31.048412323	
403	35.660606384	
404	35.357379913	
405	35.190082550	
406	34.043167114	
407	33.320495605	
408	34.013187408	
409	27.868017197	
410	30.033874512	
411	28.103031158	
412	30.247550964	
413	24.894758224	
414	23.528264999	
415	27.586471558	
416	27.414819717	
417	30.812120438	
418	30.398025513	
419	36.569698334	
420	33.937557220	
421	36.357379913	
422	33.724643707	
423	31.319339752	
424	31.119024277	
425	27.365268707	
426	31.830303192	
427	29.943712234	
428	31.103031158	
429	25.097778320	
430	25.178348541	
431	25.020193100	
432	26.890909195	
433	31.971717834	
434	33.270961761	
435	39.337005615	
436	31.159477234	
437	38.483100891	
438	32.569698334	
439	31.754579544	
440	31.901233673	
441	30.410247803	
442	30.680809021	
443	23.044445038	
444	27.242424011	
445	25.828283310	
446	29.181018829	
447	30.431442261	
448	32.084850311	
449	33.836349487	
450	35.661155701	
451	36.236541748	
452	29.690908432	
453	31.763048172	
454	30.135353088	
455	31.121212006	
456	27.860605240	
457	26.370782852	
458	26.072071075	
459	22.300495148	
460	27.444852829	
461	27.257541656	
462	33.466667175	
463	32.246971130	
464	33.084178925	
465	31.728191376	
466	32.428283691	
467	34.522258759	
468	31.654544830	
469	30.898435593	
470	25.121416092	
471	25.060606003	
472	21.525253296	
473	24.622222900	
474	28.327566147	
475	29.871644974	
476	33.562355042	
477	34.654544830	
478	31.951253891	
479	28.811994553	
480	30.303030014	
481	28.798044205	
482	29.185857773	
483	26.310155869	
484	20.911605835	
485	23.549026489	
486	24.218181610	
487	24.986331940	
488	28.517171860	
489	32.380569458	
490	29.958780289	
491	30.070470810	
492	30.924554825	
493	27.343435287	
494	31.468687057	
495	31.000000000	
