0	46.000000000	
1	41.302280426	
2	39.929969788	
3	41.148063660	
4	40.304183960	
5	38.475284576	
6	37.596061707	
7	43.701519012	
8	40.300380707	
9	39.758438110	
10	43.087451935	
11	40.952472687	
12	37.311786652	
13	34.377128601	
14	38.431579590	
15	39.545829773	
16	35.711910248	
17	40.655895233	
18	39.825096130	
19	40.083648682	
20	38.064640045	
21	38.620197296	
22	39.731525421	
23	37.100051880	
24	40.136013031	
25	39.679271698	
26	37.980987549	
27	37.325096130	
28	37.600673676	
29	42.264736176	
30	38.901546478	
31	39.718631744	
32	38.653717041	
33	35.577449799	
34	37.179183960	
35	37.855175018	
36	41.825096130	
37	36.522811890	
38	35.756740570	
39	40.480987549	
40	39.219013214	
41	39.827148438	
42	36.528907776	
43	37.121673584	
44	36.727378845	
45	35.290874481	
46	38.562736511	
47	33.758556366	
48	36.216064453	
49	37.931350708	
50	38.152091980	
51	37.785049438	
52	39.514305115	
53	38.843280792	
54	38.882129669	
55	40.014060974	
56	43.691669464	
57	45.384689331	
58	46.046566010	
59	49.887962341	
60	54.148853302	
61	57.013309479	
62	56.892379761	
63	57.230472565	
64	57.438186646	
65	60.918235779	
66	62.754962921	
67	66.205787659	
68	71.994361877	
69	72.481987000	
70	71.661323547	
71	73.325477600	
72	73.551734924	
73	73.180343628	
74	73.854591370	
75	73.458175659	
76	74.250953674	
77	77.690116882	
78	80.058250427	
79	74.931556702	
80	68.133842468	
81	65.414588928	
82	70.228439331	
83	62.631179810	
84	58.809886932	
85	58.975414276	
86	53.715854645	
87	55.735069275	
88	50.974395752	
89	49.565685272	
90	46.403202057	
91	45.093154907	
92	47.688285828	
93	43.108364105	
94	43.361217499	
95	44.041824341	
96	46.912548065	
97	47.954372406	
98	44.342205048	
99	46.294677734	
100	46.151641846	
101	46.641487122	
102	48.384029388	
103	47.452045441	
104	46.817676544	
105	40.909488678	
106	43.273765564	
107	41.918251038	
108	39.250949860	
109	42.154716492	
110	40.797683716	
111	38.015209198	
112	32.978572845	
113	36.511405945	
114	40.195766449	
115	32.285068512	
116	34.768062592	
117	35.206687927	
118	34.376426697	
119	30.228946686	
120	29.600759506	
121	34.659694672	
122	32.144485474	
123	34.688480377	
124	34.832698822	
125	33.941852570	
126	36.075901031	
127	38.465808868	
128	45.121425629	
129	44.037048340	
130	48.155056000	
131	51.825469971	
132	52.535747528	
133	56.409164429	
134	55.026397705	
135	61.370128632	
136	62.334571838	
137	60.431846619	
138	60.831584930	
139	58.304233551	
140	56.955444336	
141	56.304183960	
142	57.149822235	
143	50.643295288	
144	42.330799103	
145	45.937263489	
146	42.813686371	
147	41.127361298	
148	40.045726776	
149	38.264259338	
150	43.022754669	
151	39.731578827	
152	40.783962250	
153	41.068130493	
154	39.363574982	
155	40.198173523	
156	37.944339752	
157	38.258937836	
158	32.542903900	
159	34.853610992	
160	37.851711273	
161	33.581748962	
162	35.057033539	
163	31.724334717	
164	33.088665009	
165	30.775665283	
166	30.220531464	
167	33.475284576	
168	29.648830414	
169	31.570659637	
170	34.585552216	
171	35.773620605	
172	37.555133820	
173	41.963718414	
174	45.599777222	
175	48.538913727	
176	50.676807404	
177	53.112895966	
178	54.509246826	
179	55.158134460	
180	51.480358124	
181	54.332397461	
182	49.074283600	
183	41.794677734	
184	43.885643005	
185	41.704029083	
186	38.899421692	
187	33.913066864	
188	35.662868500	
189	37.572566986	
190	34.648021698	
191	37.876831055	
192	35.730037689	
193	37.207767487	
194	36.889732361	
195	35.131187439	
196	34.243347168	
197	28.948669434	
198	30.649135590	
199	32.364723206	
200	30.781332016	
201	31.406612396	
202	29.248752594	
203	32.693916321	
204	29.905073166	
205	33.497150421	
206	37.716533661	
207	35.155895233	
208	39.247901917	
209	42.576408386	
210	49.509506226	
211	48.911548615	
212	47.819267273	
213	50.269607544	
214	45.272071838	
215	44.013641357	
216	40.277725220	
217	39.574146271	
218	37.350719452	
219	33.619518280	
220	39.014587402	
221	35.767475128	
222	34.442092896	
223	36.211025238	
224	36.815742493	
225	37.342163086	
226	34.101779938	
227	36.895488739	
228	33.736961365	
229	29.353605270	
230	29.068441391	
231	31.020637512	
232	30.752851486	
233	32.659694672	
234	37.085311890	
235	37.730903625	
236	41.250228882	
237	45.835395813	
238	48.397403717	
239	52.974121094	
240	53.675647736	
241	57.614574432	
242	57.983314514	
243	49.482223511	
244	49.426795959	
245	46.929656982	
246	43.031486511	
247	39.945747375	
248	39.657894135	
249	44.201519012	
250	39.502552032	
251	39.469581604	
252	40.011405945	
253	36.629112244	
254	36.136882782	
255	36.992835999	
256	35.382640839	
257	33.079059601	
258	32.170669556	
259	34.430900574	
260	32.482891083	
261	40.488594055	
262	44.623573303	
263	50.000000000	
264	49.084358215	
265	49.098548889	
266	54.001678467	
267	50.207225800	
268	49.582183838	
269	47.718738556	
270	44.656364441	
271	41.965488434	
272	36.494297028	
273	39.423789978	
274	39.869564056	
275	38.918251038	
276	38.771213531	
277	37.834579468	
278	39.414447784	
279	32.619770050	
280	34.693084717	
281	35.989055634	
282	32.775665283	
283	35.135738373	
284	35.184604645	
285	38.198131561	
286	38.017593384	
287	42.311786652	
288	49.432895660	
289	45.484790802	
290	48.565498352	
291	47.233840942	
292	44.722434998	
293	41.614879608	
294	40.026615143	
295	41.940788269	
296	39.949169159	
297	38.863594055	
298	40.473724365	
299	40.473587036	
300	37.118103027	
301	37.693916321	
302	38.140686035	
303	34.669578552	
304	32.593154907	
305	32.233840942	
306	34.219909668	
307	39.678455353	
308	44.758476257	
309	47.145454407	
310	47.385852814	
311	45.838401794	
312	46.614696503	
313	42.914672852	
314	44.866428375	
315	41.366111755	
316	40.136882782	
317	40.689754486	
318	36.208374023	
319	39.878673553	
320	39.037170410	
321	36.500953674	
322	35.581878662	
323	34.092872620	
324	38.115673065	
325	34.899238586	
326	37.908744812	
327	40.129276276	
328	40.392272949	
329	47.201427460	
330	44.425407410	
331	49.617870331	
332	45.566425323	
333	43.731937408	
334	47.031936646	
335	40.963676453	
336	39.980987549	
337	39.136882782	
338	41.212928772	
339	40.272037506	
340	36.992397308	
341	38.685096741	
342	38.540214539	
343	36.333835602	
344	36.486690521	
345	38.737644196	
346	41.870723724	
347	40.716728210	
348	49.691886902	
349	46.688213348	
350	44.410644531	
351	47.879337311	
352	47.226299286	
353	42.817810059	
354	38.289855957	
355	40.878326416	
356	39.396476746	
357	35.815589905	
358	39.517108917	
359	37.450569153	
360	35.078590393	
361	33.750949860	
362	35.804870605	
363	38.929172516	
364	38.859313965	
365	44.975284576	
366	43.277565002	
367	45.062736511	
368	46.923954010	
369	46.273765564	
370	47.704479218	
371	41.617038727	
372	40.004337311	
373	38.978775024	
374	35.390247345	
375	34.273403168	
376	36.806026459	
377	38.693187714	
378	34.354709625	
379	35.134952545	
380	38.594760895	
381	40.082008362	
382	41.721622467	
383	39.432685852	
384	42.399238586	
385	43.576984406	
386	41.315589905	
387	45.331775665	
388	40.600761414	
389	39.688213348	
390	37.174903870	
391	36.391635895	
392	37.420043945	
393	33.488174438	
394	37.430034637	
395	35.884029388	
396	34.999580383	
397	37.446769714	
398	37.132488251	
399	38.927783966	
400	39.322761536	
401	44.149726868	
402	42.293701172	
403	37.795478821	
404	41.288726807	
405	35.580642700	
406	36.444866180	
407	35.655895233	
408	38.183551788	
409	38.579551697	
410	29.726207733	
411	35.002601624	
412	31.026226044	
413	32.944194794	
414	34.696842194	
415	37.792079926	
416	43.479881287	
417	37.356693268	
418	38.410644531	
419	38.510562897	
420	35.942966461	
421	35.775665283	
422	33.931560516	
423	38.368392944	
424	35.470993042	
425	33.955471039	
426	32.771862030	
427	30.430185318	
428	34.701297760	
429	33.160953522	
430	34.788402557	
431	36.557033539	
432	38.908428192	
433	41.370723724	
434	35.653919220	
435	38.350830078	
436	37.159378052	
437	37.819393158	
438	38.333587646	
439	32.288974762	
440	36.722434998	
441	31.874914169	
442	30.669200897	
443	32.331436157	
444	34.897640228	
445	40.104698181	
446	34.852478027	
447	36.479377747	
448	36.973384857	
449	35.581748962	
450	38.102661133	
451	36.482891083	
452	37.174903870	
453	32.802280426	
454	33.528316498	
455	35.368438721	
456	29.878051758	
457	32.604560852	
458	32.458152771	
459	35.840305328	
460	36.226142883	
461	36.987747192	
462	41.722434998	
463	36.619808197	
464	36.539691925	
465	35.327293396	
466	33.724052429	
467	32.977188110	
468	31.843153000	
469	34.734691620	
470	31.689947128	
471	31.247148514	
472	34.193553925	
473	36.291698456	
474	38.033222198	
475	38.724334717	
476	38.549785614	
477	35.107093811	
478	31.574476242	
479	36.070423126	
480	33.706256866	
481	32.609355927	
482	29.564891815	
483	31.602661133	
484	33.009311676	
485	28.488744736	
486	31.763116837	
487	35.454524994	
488	36.752807617	
489	36.038578033	
490	36.136882782	
491	37.860877991	
492	30.270439148	
493	31.986692429	
494	31.836227417	
495	29.262414932	
496	29.285171509	
497	26.412548065	
498	29.943140030	
499	31.180927277	
500	34.409446716	
501	37.887832642	
502	34.746112823	
503	34.093154907	
504	29.596958160	
505	29.286645889	
506	25.433460236	
507	24.380228043	
508	28.912548065	
509	24.402210236	
510	26.847908020	
511	30.271863937	
512	33.355579376	
513	33.558986664	
514	27.931776047	
515	33.306663513	
516	26.941230774	
517	24.865018845	
518	26.342205048	
519	26.527086258	
520	26.068441391	
521	20.233840942	
522	25.399240494	
523	25.669425964	
524	24.245557785	
525	26.874525070	
526	0.000000000	
