0	49.000000000	
1	42.011409760	
2	43.846370697	
3	43.972259521	
4	44.393424988	
5	46.542057037	
6	44.167518616	
7	41.795139313	
8	43.106575012	
9	43.520725250	
10	40.292518616	
11	42.023029327	
12	45.443878174	
13	42.750885010	
14	41.520832062	
15	40.709609985	
16	43.868480682	
17	39.369651794	
18	37.552295685	
19	38.773811340	
20	37.261905670	
21	41.875000000	
22	40.098922729	
23	41.976367950	
24	39.768707275	
25	38.020301819	
26	38.493762970	
27	36.475765228	
28	39.305557251	
29	38.735401154	
30	39.433673859	
31	39.407917023	
32	39.131519318	
33	36.968750000	
34	35.389739990	
35	40.380207062	
36	34.071430206	
37	36.428394318	
38	38.681121826	
39	40.001380920	
40	39.405895233	
41	35.573768616	
42	40.625000000	
43	37.118587494	
44	38.814624786	
45	38.214603424	
46	38.031463623	
47	39.652282715	
48	35.115646362	
49	38.755207062	
50	33.370464325	
51	39.024127960	
52	39.157596588	
53	38.833934784	
54	41.892856598	
55	34.724205017	
56	35.555557251	
57	35.533374786	
58	39.956634521	
59	40.664188385	
60	41.875850677	
61	41.549743652	
62	34.826389313	
63	42.671875000	
64	44.603176117	
65	43.164539337	
66	43.995746613	
67	45.472858429	
68	49.414966583	
69	48.109481812	
70	53.638889313	
71	54.615859985	
72	55.693878174	
73	53.176128387	
74	53.239513397	
75	59.136371613	
76	52.698413849	
77	59.220485687	
78	56.095237732	
79	56.219882965	
80	57.752834320	
81	54.785713196	
82	54.502410889	
83	52.069053650	
84	58.750000000	
85	57.240470886	
86	57.883361816	
87	60.962478638	
88	63.256237030	
89	71.065689087	
90	69.283164978	
91	73.253471375	
92	70.401359558	
93	71.570686340	
94	67.375709534	
95	65.284759521	
96	67.462585449	
97	59.898311615	
98	60.701389313	
99	55.366710663	
100	52.612812042	
101	50.841270447	
102	47.113945007	
103	44.751983643	
104	37.730159760	
105	39.234375000	
106	35.295494080	
107	34.713752747	
108	36.760204315	
109	33.544113159	
110	31.636480331	
111	25.213115692	
112	35.111110687	
113	31.461025238	
114	31.633928299	
115	33.318099976	
116	30.602041245	
117	35.039859772	
118	30.472221375	
119	33.203125000	
120	30.340135574	
121	30.540391922	
122	32.726047516	
123	30.258502960	
124	35.677436829	
125	31.330818176	
126	32.250000000	
127	33.431053162	
128	34.321994781	
129	37.765411377	
130	40.003967285	
131	43.791843414	
132	41.523811340	
133	45.954860687	
134	45.634922028	
135	45.299427032	
136	46.825397491	
137	46.755348206	
138	50.946002960	
139	47.516262054	
140	49.694442749	
141	50.251594543	
142	54.976188660	
143	59.165142059	
144	59.346939087	
145	63.897003174	
146	55.379108429	
147	58.869792938	
148	55.208049774	
149	52.626274109	
150	50.428146362	
151	43.255527496	
152	42.326530457	
153	40.673149109	
154	38.743057251	
155	34.103069305	
156	33.552722931	
157	32.873332977	
158	24.427579880	
159	30.764774323	
160	29.192743301	
161	30.355903625	
162	30.116071701	
163	27.972398758	
164	28.177436829	
165	25.750000000	
166	28.833333969	
167	25.424602509	
168	28.333333969	
169	29.868339539	
170	29.356859207	
171	33.498725891	
172	38.998298645	
173	37.961627960	
174	32.566753387	
175	38.428817749	
176	40.469387054	
177	39.792942047	
178	43.354591370	
179	36.913158417	
180	43.872447968	
181	45.884140015	
182	49.923610687	
183	52.264667511	
184	53.598640442	
185	52.849807739	
186	46.130950928	
187	43.878967285	
188	39.177436829	
189	40.000000000	
190	36.067459106	
191	31.698411942	
192	33.285713196	
193	28.900793076	
194	28.007085800	
195	26.420598984	
196	27.972221375	
197	27.582128525	
198	27.136480331	
199	29.460777283	
200	26.600906372	
201	30.266050339	
202	27.267999649	
203	28.713541031	
204	29.989795685	
205	30.621030807	
206	36.788974762	
207	38.057079315	
208	41.242630005	
209	37.779727936	
210	39.833332062	
211	42.361145020	
212	43.137187958	
213	46.542728424	
214	49.452239990	
215	48.523666382	
216	48.061225891	
217	47.366317749	
218	41.763462067	
219	41.513393402	
220	43.380386353	
221	35.510204315	
222	33.730442047	
223	31.501628876	
224	31.777778625	
225	30.712692261	
226	28.027778625	
227	30.204364777	
228	27.904762268	
229	29.463932037	
230	28.047618866	
231	30.875000000	
232	31.759637833	
233	31.664293289	
234	34.517856598	
235	33.304065704	
236	40.207481384	
237	39.507438660	
238	43.347221375	
239	46.750034332	
240	46.789115906	
241	49.441078186	
242	47.862812042	
243	53.330993652	
244	45.901927948	
245	44.550346375	
246	44.333332062	
247	38.807540894	
248	39.380950928	
249	31.660715103	
250	33.646823883	
251	31.449228287	
252	30.000000000	
253	29.626594543	
254	28.379392624	
255	29.653379440	
256	27.102041245	
257	31.802509308	
258	31.396259308	
259	30.776041031	
260	33.422901154	
261	35.734695435	
262	38.925880432	
263	36.182502747	
264	42.061225891	
265	43.588611603	
266	44.645832062	
267	47.503509521	
268	45.886054993	
269	49.139953613	
270	40.502552032	
271	42.551231384	
272	37.430839539	
273	35.171875000	
274	35.398952484	
275	31.105157852	
276	31.166666031	
277	30.134920120	
278	30.928571701	
279	26.061862946	
280	25.888889313	
281	30.106044769	
282	28.035289764	
283	34.656250000	
284	35.375282288	
285	39.232887268	
286	40.545776367	
287	39.289932251	
288	40.775508881	
289	45.452556610	
290	47.916667938	
291	41.675064087	
292	41.055557251	
293	39.265872955	
294	38.416667938	
295	38.664291382	
296	34.857143402	
297	36.410713196	
298	29.636480331	
299	31.619934082	
300	30.675170898	
301	29.861110687	
302	31.722789764	
303	31.523809433	
304	38.192745209	
305	34.873477936	
306	35.142856598	
307	39.670600891	
308	41.444442749	
309	43.095558167	
310	43.371173859	
311	44.513534546	
312	44.646259308	
313	46.778450012	
314	41.443737030	
315	38.187500000	
316	39.034580231	
317	37.030471802	
318	35.387756348	
319	31.627302170	
320	33.448978424	
321	30.327274323	
322	30.062500000	
323	32.629463196	
324	31.591836929	
325	35.389667511	
326	35.401927948	
327	37.298362732	
328	39.419502258	
329	40.043403625	
330	41.799320221	
331	41.558460236	
332	43.418365479	
333	38.821430206	
334	37.397674561	
335	33.926975250	
336	32.666667938	
337	33.745571136	
338	31.618621826	
339	31.856185913	
340	26.467687607	
341	28.731008530	
342	28.545917511	
343	30.559028625	
344	32.723354340	
345	31.483205795	
346	36.677154541	
347	36.374858856	
348	38.612243652	
349	38.281780243	
350	35.326389313	
351	41.808353424	
352	33.748298645	
353	33.709716797	
354	31.199405670	
355	31.804138184	
356	30.113378525	
357	30.656250000	
358	30.771259308	
359	25.733098984	
360	32.959182739	
361	30.848108292	
362	32.157028198	
363	35.791667938	
364	37.277778625	
365	36.827026367	
366	35.062076569	
367	42.216304779	
368	37.460315704	
369	37.147960663	
370	36.875282288	
371	32.963542938	
372	35.209182739	
373	29.180555344	
374	31.754676819	
375	29.261905670	
376	30.544218063	
377	32.047618866	
378	31.500000000	
379	34.113876343	
380	34.374149323	
381	36.693664551	
382	36.411563873	
383	39.019840240	
384	39.809524536	
385	35.657985687	
386	38.634922028	
387	34.803569794	
388	35.731861115	
389	33.583332062	
390	31.011905670	
391	28.708723068	
392	28.111110687	
393	31.730548859	
394	29.202381134	
395	30.054952621	
396	30.275510788	
397	34.274555206	
398	38.755100250	
399	38.098957062	
400	39.743762970	
401	33.934879303	
402	39.275508881	
403	32.733631134	
404	32.532878876	
405	36.294960022	
406	30.277778625	
407	35.775722504	
408	29.714284897	
409	30.181158066	
410	29.819585800	
411	31.301233292	
412	34.433673859	
413	34.902778625	
414	38.141582489	
415	37.671733856	
416	40.977325439	
417	37.389030457	
418	37.010486603	
419	33.527351379	
420	31.083333969	
421	37.642787933	
422	29.642574310	
423	28.649553299	
424	27.936508179	
425	27.675312042	
426	29.434949875	
427	29.829860687	
428	35.637187958	
429	35.700572968	
430	38.234127045	
431	38.246032715	
432	39.285713196	
433	37.053569794	
434	27.777778625	
435	29.059524536	
436	30.111677170	
437	33.824935913	
438	30.140731812	
439	27.082801819	
440	28.097505569	
441	27.687500000	
442	33.106575012	
443	33.048858643	
444	39.537414551	
445	37.400154114	
446	35.762046814	
447	34.009140015	
448	33.444442749	
449	35.829364777	
450	29.220663071	
451	28.497554779	
452	27.974489212	
453	29.523809433	
454	32.003967285	
455	29.578125000	
456	32.843536377	
457	32.452026367	
458	36.371597290	
459	35.339603424	
460	33.509071350	
461	32.366958618	
462	32.833332062	
463	36.803855896	
464	29.000000000	
465	28.159969330	
466	26.331491470	
467	26.732709885	
468	30.193878174	
469	31.298610687	
470	34.681549072	
471	32.652210236	
472	35.410430908	
473	33.174140930	
474	31.267431259	
475	31.819055557	
476	27.277778625	
477	29.790817261	
478	27.985260010	
479	28.398702621	
480	25.061223984	
481	27.398136139	
482	30.823696136	
483	27.817708969	
484	35.016441345	
485	30.224559784	
486	32.321430206	
487	33.325859070	
488	30.344671249	
489	28.665922165	
490	22.472221375	
491	28.629854202	
492	26.180273056	
493	27.046379089	
494	26.197278976	
495	25.904018402	
496	30.736961365	
497	29.425346375	
498	35.650936127	
499	29.874504089	
500	30.299886703	
501	30.238414764	
502	29.050737381	
503	28.035715103	
504	0.000000000	
