0	36.000000000	
1	40.799999237	
2	40.319999695	
3	40.439998627	
4	41.240001678	
5	40.000000000	
6	43.599998474	
7	40.279998779	
8	38.720001221	
9	41.000000000	
10	36.000000000	
11	39.159999847	
12	39.439998627	
13	40.040000916	
14	41.119998932	
15	37.000000000	
16	41.279998779	
17	42.639999390	
18	40.959999084	
19	40.240001678	
20	35.000000000	
21	35.880001068	
22	35.880001068	
23	37.599998474	
24	39.520000458	
25	34.000000000	
26	38.000000000	
27	38.000000000	
28	38.360000610	
29	38.680000305	
30	38.000000000	
31	38.400001526	
32	35.439998627	
33	35.680000305	
34	38.400001526	
35	40.000000000	
36	37.439998627	
37	34.959999084	
38	35.560001373	
39	34.680000305	
40	31.000000000	
41	35.919998169	
42	36.400001526	
43	35.599998474	
44	34.319999695	
45	32.000000000	
46	38.599998474	
47	37.159999847	
48	33.479999542	
49	32.599998474	
50	32.000000000	
51	36.720001221	
52	33.400001526	
53	33.200000763	
54	37.040000916	
55	34.000000000	
56	35.319999695	
57	34.919998169	
58	33.959999084	
59	33.200000763	
60	30.000000000	
61	36.000000000	
62	35.639999390	
63	35.119998932	
64	39.200000763	
65	41.000000000	
66	37.840000153	
67	39.200000763	
68	41.799999237	
69	41.759998322	
70	37.000000000	
71	42.040000916	
72	41.000000000	
73	40.639999390	
74	43.119998932	
75	46.000000000	
76	48.560001373	
77	48.799999237	
78	51.560001373	
79	54.119998932	
80	55.000000000	
81	57.880001068	
82	60.639999390	
83	67.400001526	
84	72.599998474	
85	72.000000000	
86	75.800003052	
87	72.519996643	
88	72.519996643	
89	74.120002747	
90	71.000000000	
91	69.680000305	
92	63.279998779	
93	59.639999390	
94	58.360000610	
95	50.000000000	
96	46.759998322	
97	44.279998779	
98	42.479999542	
99	39.959999084	
100	36.000000000	
101	34.200000763	
102	32.279998779	
103	32.919998169	
104	31.200000763	
105	25.000000000	
106	31.600000381	
107	29.600000381	
108	28.319999695	
109	31.159999847	
110	21.000000000	
111	26.520000458	
112	27.000000000	
113	26.360000610	
114	27.639999390	
115	28.000000000	
116	29.280000687	
117	27.280000687	
118	26.360000610	
119	26.319999695	
120	25.000000000	
121	29.680000305	
122	26.200000763	
123	25.840000153	
124	28.920000076	
125	27.000000000	
126	30.639999390	
127	29.000000000	
128	30.200000763	
129	31.120000839	
130	29.000000000	
131	33.119998932	
132	31.719999313	
133	32.400001526	
134	35.000000000	
135	33.000000000	
136	40.479999542	
137	44.040000916	
138	45.599998474	
139	49.840000153	
140	49.000000000	
141	57.319999695	
142	59.400001526	
143	56.520000458	
144	55.119998932	
145	54.000000000	
146	50.400001526	
147	43.680000305	
148	40.639999390	
149	40.080001831	
150	30.000000000	
151	35.560001373	
152	28.920000076	
153	27.559999466	
154	31.920000076	
155	28.000000000	
156	27.760000229	
157	25.440000534	
158	25.319999695	
159	26.079999924	
160	25.000000000	
161	28.000000000	
162	26.799999237	
163	25.639999390	
164	25.200000763	
165	21.000000000	
166	25.760000229	
167	25.799999237	
168	27.799999237	
169	27.440000534	
170	22.000000000	
171	26.079999924	
172	26.520000458	
173	29.520000458	
174	34.000000000	
175	33.000000000	
176	38.279998779	
177	39.919998169	
178	43.880001068	
179	48.840000153	
180	51.000000000	
181	55.520000458	
182	49.279998779	
183	47.000000000	
184	45.880001068	
185	35.000000000	
186	41.799999237	
187	36.400001526	
188	30.600000381	
189	30.680000305	
190	26.000000000	
191	28.000000000	
192	25.000000000	
193	24.200000763	
194	25.079999924	
195	23.000000000	
196	26.879999161	
197	24.399999619	
198	22.319999695	
199	22.520000458	
200	19.000000000	
201	25.200000763	
202	26.079999924	
203	26.600000381	
204	26.440000534	
205	25.000000000	
206	32.560001373	
207	32.479999542	
208	31.920000076	
209	36.840000153	
210	44.000000000	
211	48.159999847	
212	47.759998322	
213	46.759998322	
214	48.680000305	
215	44.000000000	
216	42.840000153	
217	38.360000610	
218	33.520000458	
219	33.680000305	
220	30.000000000	
221	30.079999924	
222	27.159999847	
223	24.239999771	
224	26.719999313	
225	29.000000000	
226	27.959999084	
227	25.200000763	
228	23.399999619	
229	24.200000763	
230	22.000000000	
231	24.680000305	
232	24.040000916	
233	25.799999237	
234	30.319999695	
235	29.000000000	
236	34.200000763	
237	37.240001678	
238	44.520000458	
239	52.000000000	
240	48.000000000	
241	50.319999695	
242	46.759998322	
243	45.599998474	
244	44.240001678	
245	36.000000000	
246	37.680000305	
247	32.919998169	
248	28.399999619	
249	31.399999619	
250	27.000000000	
251	28.239999771	
252	27.200000763	
253	27.600000381	
254	28.479999542	
255	24.000000000	
256	27.680000305	
257	26.200000763	
258	25.680000305	
259	27.799999237	
260	27.000000000	
261	33.400001526	
262	38.040000916	
263	40.720001221	
264	45.360000610	
265	49.000000000	
266	48.720001221	
267	44.000000000	
268	38.240001678	
269	37.360000610	
270	31.000000000	
271	33.880001068	
272	33.080001831	
273	31.840000153	
274	30.719999313	
275	29.000000000	
276	28.280000687	
277	26.360000610	
278	27.840000153	
279	26.799999237	
280	22.000000000	
281	28.079999924	
282	28.799999237	
283	29.200000763	
284	32.680000305	
285	35.000000000	
286	39.919998169	
287	41.000000000	
288	43.840000153	
289	43.360000610	
290	42.000000000	
291	38.840000153	
292	34.959999084	
293	33.840000153	
294	33.720001221	
295	28.000000000	
296	29.959999084	
297	29.920000076	
298	27.799999237	
299	28.200000763	
300	25.000000000	
301	28.799999237	
302	25.319999695	
303	26.000000000	
304	30.799999237	
305	30.000000000	
306	35.080001831	
307	37.520000458	
308	39.479999542	
309	40.159999847	
310	37.000000000	
311	40.159999847	
312	37.279998779	
313	36.200000763	
314	34.080001831	
315	27.000000000	
316	33.400001526	
317	32.520000458	
318	28.399999619	
319	27.639999390	
320	22.000000000	
321	27.600000381	
322	25.799999237	
323	26.719999313	
324	31.280000687	
325	30.000000000	
326	36.279998779	
327	39.560001373	
328	38.959999084	
329	37.040000916	
330	33.000000000	
331	37.840000153	
332	36.560001373	
333	33.720001221	
334	34.000000000	
335	32.000000000	
336	31.840000153	
337	29.680000305	
338	26.879999161	
339	28.639999390	
340	25.000000000	
341	27.879999161	
342	28.959999084	
343	29.959999084	
344	35.400001526	
345	40.000000000	
346	42.680000305	
347	42.599998474	
348	41.959999084	
349	39.959999084	
350	37.000000000	
351	36.720001221	
352	34.799999237	
353	32.639999390	
354	32.319999695	
355	33.000000000	
356	31.959999084	
357	28.680000305	
358	27.840000153	
359	27.000000000	
360	25.000000000	
361	30.559999466	
362	32.000000000	
363	36.240001678	
364	38.200000763	
365	35.000000000	
366	39.200000763	
367	36.799999237	
368	33.400001526	
369	34.439998627	
370	28.000000000	
371	32.080001831	
372	30.600000381	
373	29.799999237	
374	30.000000000	
375	27.000000000	
376	31.200000763	
377	30.360000610	
378	30.520000458	
379	31.319999695	
380	34.000000000	
381	38.319999695	
382	38.840000153	
383	38.000000000	
384	38.720001221	
385	36.000000000	
386	32.439998627	
387	30.200000763	
388	30.399999619	
389	30.520000458	
390	25.000000000	
391	30.159999847	
392	28.319999695	
393	29.000000000	
394	30.879999161	
395	29.000000000	
396	33.759998322	
397	34.279998779	
398	34.279998779	
399	35.439998627	
400	36.000000000	
401	35.200000763	
402	30.600000381	
403	30.319999695	
404	31.920000076	
405	24.000000000	
406	31.280000687	
407	28.479999542	
408	28.000000000	
409	27.600000381	
410	22.000000000	
411	28.879999161	
412	31.000000000	
413	33.279998779	
414	35.720001221	
415	31.000000000	
416	33.799999237	
417	31.799999237	
418	29.719999313	
419	31.760000229	
420	27.000000000	
421	28.399999619	
422	26.159999847	
423	24.040000916	
424	27.120000839	
425	29.000000000	
426	29.600000381	
427	29.600000381	
428	32.479999542	
429	34.279998779	
430	30.000000000	
431	33.720001221	
432	28.520000458	
433	27.399999619	
434	30.399999619	
435	28.000000000	
436	28.799999237	
437	26.600000381	
438	24.600000381	
439	24.280000687	
440	25.000000000	
441	30.200000763	
442	31.000000000	
443	32.479999542	
444	34.159999847	
445	28.000000000	
446	31.479999542	
447	30.600000381	
448	28.000000000	
449	27.799999237	
450	21.000000000	
451	25.760000229	
452	25.360000610	
453	24.840000153	
454	29.319999695	
455	32.000000000	
456	33.360000610	
457	31.760000229	
458	32.240001678	
459	32.599998474	
460	27.000000000	
461	29.399999619	
462	28.959999084	
463	27.239999771	
464	28.319999695	
465	27.000000000	
466	25.479999542	
467	24.600000381	
468	26.200000763	
469	28.799999237	
470	28.000000000	
471	32.000000000	
472	29.319999695	
473	28.239999771	
474	29.440000534	
475	29.000000000	
476	28.879999161	
477	26.079999924	
478	24.639999390	
479	23.440000534	
480	23.000000000	
481	27.520000458	
482	27.799999237	
483	29.520000458	
484	32.319999695	
485	23.000000000	
486	33.599998474	
487	29.319999695	
488	25.879999161	
489	29.319999695	
490	24.000000000	
491	23.520000458	
492	21.680000305	
493	21.239999771	
494	25.639999390	
495	25.000000000	
496	28.280000687	
497	30.000000000	
498	30.159999847	
499	29.879999161	
500	23.000000000	
501	25.200000763	
502	21.360000610	
503	21.120000839	
504	23.520000458	
505	23.000000000	
506	23.360000610	
507	24.319999695	
508	23.280000687	
509	23.159999847	
510	23.000000000	
511	27.040000916	
512	23.799999237	
513	21.840000153	
514	22.079999924	
515	19.000000000	
516	23.000000000	
517	20.399999619	
518	18.000000000	
519	18.959999084	
520	20.000000000	
521	23.000000000	
522	22.600000381	
523	23.719999313	
524	24.680000305	
525	21.000000000	
526	24.280000687	
527	22.000000000	
528	21.520000458	
529	23.040000916	
530	17.000000000	
531	18.360000610	
532	18.360000610	
533	20.799999237	
534	22.840000153	
535	19.000000000	
536	21.159999847	
537	20.559999466	
538	19.000000000	
539	20.799999237	
540	0.000000000	
