0	26.000000000	
1	29.044061661	
2	28.034482956	
3	28.448276520	
4	28.214031219	
5	25.634099960	
6	30.805786133	
7	27.827587128	
8	26.695600510	
9	26.373365402	
10	26.156558990	
11	26.401506424	
12	26.590963364	
13	30.567842484	
14	27.038314819	
15	24.989694595	
16	26.773153305	
17	26.068965912	
18	26.803804398	
19	23.920068741	
20	25.758621216	
21	25.344827652	
22	23.003831863	
23	29.740652084	
24	24.682125092	
25	25.791187286	
26	25.007663727	
27	23.670629501	
28	23.727045059	
29	22.833333969	
30	28.521997452	
31	24.984542847	
32	22.601531982	
33	25.160919189	
34	25.647377014	
35	28.878583908	
36	26.034482956	
37	28.254590988	
38	24.223014832	
39	21.067577362	
40	26.426080704	
41	22.345752716	
42	28.504955292	
43	25.667856216	
44	26.137931824	
45	30.051723480	
46	24.524904251	
47	28.101531982	
48	25.885057449	
49	27.484872818	
50	28.168582916	
51	26.040229797	
52	27.674329758	
53	23.802682877	
54	26.640903473	
55	27.549148560	
56	26.222221375	
57	24.832342148	
58	23.444444656	
59	27.965517044	
60	27.245342255	
61	27.691570282	
62	27.896022797	
63	25.913793564	
64	29.785440445	
65	28.105363846	
66	29.752676010	
67	27.464195251	
68	26.547893524	
69	30.419540405	
70	28.498085022	
71	34.050930023	
72	36.827587128	
73	40.422645569	
74	45.367816925	
75	46.816093445	
76	55.386974335	
77	54.189456940	
78	54.374156952	
79	58.479919434	
80	59.002643585	
81	63.306777954	
82	64.118507385	
83	66.292045593	
84	66.000000000	
85	64.837036133	
86	64.376136780	
87	56.500000000	
88	59.164749146	
89	50.013408661	
90	50.180736542	
91	52.148895264	
92	45.218521118	
93	48.987316132	
94	40.245212555	
95	41.130268097	
96	41.889415741	
97	39.874950409	
98	40.585414886	
99	36.746135712	
100	38.935657501	
101	35.791187286	
102	34.402297974	
103	34.978927612	
104	30.762451172	
105	31.856321335	
106	25.708812714	
107	27.413793564	
108	27.586206436	
109	21.861341476	
110	24.230150223	
111	24.000000000	
112	24.782136917	
113	23.021072388	
114	21.352357864	
115	21.922380447	
116	21.888889313	
117	23.539239883	
118	19.566917419	
119	20.307767868	
120	23.245738983	
121	23.413793564	
122	25.417625427	
123	21.795679092	
124	23.749240875	
125	22.008058548	
126	20.903686523	
127	24.975095749	
128	23.053640366	
129	25.177368164	
130	24.809617996	
131	26.068965912	
132	28.609195709	
133	28.043136597	
134	33.593868256	
135	34.451248169	
136	38.984672546	
137	42.417625427	
138	43.655174255	
139	50.033027649	
140	49.857975006	
141	52.968490601	
142	52.646850586	
143	49.279693604	
144	47.309154510	
145	44.444442749	
146	47.164749146	
147	44.771900177	
148	44.264366150	
149	41.742767334	
150	38.862068176	
151	42.201148987	
152	36.560047150	
153	35.299049377	
154	32.862068176	
155	29.544061661	
156	28.346412659	
157	24.580459595	
158	28.853612900	
159	25.660919189	
160	21.533756256	
161	23.754789352	
162	23.866825104	
163	24.316091537	
164	20.881225586	
165	23.925287247	
166	23.012418747	
167	19.258686066	
168	22.219579697	
169	20.394504547	
170	23.180076599	
171	22.922710419	
172	23.770246506	
173	27.119764328	
174	22.333333969	
175	27.193487167	
176	28.651208878	
177	32.766944885	
178	37.142292023	
179	37.773944855	
180	43.896553040	
181	43.256111145	
182	45.580261230	
183	46.051525116	
184	44.073326111	
185	44.188861847	
186	37.523979187	
187	37.758621216	
188	35.872375488	
189	35.619499207	
190	35.904212952	
191	30.860153198	
192	31.126436234	
193	26.411018372	
194	27.992336273	
195	27.132778168	
196	21.231735229	
197	24.168582916	
198	22.413793564	
199	23.302350998	
200	22.621349335	
201	23.970867157	
202	23.352357864	
203	18.000000000	
204	22.965517044	
205	21.379310608	
206	21.448276520	
207	22.748514175	
208	23.820055008	
209	30.422645569	
210	29.032501221	
211	31.398666382	
212	33.793895721	
213	37.385059357	
214	39.896553040	
215	39.068965912	
216	44.127227783	
217	42.266284943	
218	39.949001312	
219	38.240585327	
220	35.693485260	
221	38.828380585	
222	31.979785919	
223	33.418746948	
224	31.204782486	
225	26.181331635	
226	30.575901031	
227	25.888889313	
228	23.781608582	
229	24.858898163	
230	25.536266327	
231	22.950059891	
232	21.000000000	
233	25.137931824	
234	24.379310608	
235	25.354406357	
236	26.536397934	
237	25.782005310	
238	31.322103500	
239	31.780948639	
240	35.712642670	
241	39.698638916	
242	41.342052460	
243	43.958976746	
244	43.108203888	
245	46.148632050	
246	42.863258362	
247	40.562030792	
248	39.194610596	
249	34.426277161	
250	36.981636047	
251	32.012023926	
252	31.925088882	
253	28.589839935	
254	24.516580582	
255	28.298851013	
256	21.915708542	
257	22.222751617	
258	23.835908890	
259	22.113027573	
260	19.760337830	
261	22.500000000	
262	27.249967575	
263	27.032434464	
264	29.393976212	
265	31.948804855	
266	33.107543945	
267	43.003368378	
268	42.908046722	
269	43.977210999	
270	42.000000000	
271	40.878253937	
272	41.808429718	
273	36.670433044	
274	36.576957703	
275	32.976284027	
276	31.702339172	
277	31.706104279	
278	27.068965912	
279	27.896551132	
280	27.505746841	
281	25.670696259	
282	22.833135605	
283	21.090038300	
284	26.340995789	
285	25.247125626	
286	27.068965912	
287	27.528074265	
288	29.639715195	
289	34.990356445	
290	35.111110687	
291	39.401306152	
292	38.544059753	
293	40.833332062	
294	41.416568756	
295	34.879444122	
296	37.978199005	
297	34.741378784	
298	32.927204132	
299	28.812458038	
300	28.007133484	
301	30.334125519	
302	23.777778625	
303	25.091953278	
304	26.572071075	
305	27.846742630	
306	27.275861740	
307	23.915708542	
308	28.348659515	
309	28.314704895	
310	32.315895081	
311	35.185825348	
312	36.548553467	
313	41.941802979	
314	40.275863647	
315	42.068965912	
316	39.379310608	
317	36.367946625	
318	35.315895081	
319	33.722221375	
320	32.570880890	
321	28.201148987	
322	27.940017700	
323	27.753402710	
324	23.241378784	
325	28.201875687	
326	27.398468018	
327	28.787355423	
328	28.314176559	
329	28.599617004	
330	34.332542419	
331	33.914718628	
332	37.386974335	
333	36.619499207	
334	37.544059753	
335	40.275863647	
336	38.275863647	
337	40.314174652	
338	31.082572937	
339	30.080657959	
340	30.103448868	
341	27.620689392	
342	29.828775406	
343	25.162836075	
344	26.758621216	
345	25.931034088	
346	25.517374039	
347	27.443452835	
348	26.333333969	
349	33.718456268	
350	32.892986298	
351	33.440547943	
352	35.330558777	
353	34.086074829	
354	39.782798767	
355	35.038974762	
356	31.595586777	
357	29.229686737	
358	28.770114899	
359	30.634099960	
360	21.822830200	
361	27.594661713	
362	27.475095749	
363	25.541418076	
364	27.314176559	
365	27.935855865	
366	28.459770203	
367	30.167392731	
368	32.956138611	
369	34.362068176	
370	34.575374603	
371	38.305786133	
372	34.605232239	
373	34.323753357	
374	31.966176987	
375	30.570749283	
376	31.743295670	
377	25.388889313	
378	27.482759476	
379	24.898599625	
380	25.388822556	
381	25.492866516	
382	23.662836075	
383	29.750957489	
384	30.399127960	
385	32.963600159	
386	34.214557648	
387	34.162307739	
388	33.689655304	
389	31.529726028	
390	35.770908356	
391	31.646783829	
392	28.809617996	
393	29.275861740	
394	26.709869385	
395	28.571344376	
396	23.931034088	
397	24.668781281	
398	26.260536194	
399	25.994253159	
400	30.486589432	
401	30.137931824	
402	34.581848145	
403	34.413791656	
404	32.425418854	
405	33.002971649	
406	31.333333969	
407	33.178161621	
408	30.390407562	
409	28.875478745	
410	28.137931824	
411	24.593738556	
412	27.605363846	
413	24.802682877	
414	24.856122971	
415	24.595785141	
416	25.571409225	
417	31.959770203	
418	31.693487167	
419	35.837959290	
420	34.655174255	
421	34.060577393	
422	34.824546814	
423	29.913793564	
424	30.712644577	
425	28.579402924	
426	26.885057449	
427	24.047893524	
428	21.429779053	
429	25.958581924	
430	25.808561325	
431	30.345355988	
432	31.681331635	
433	32.348922729	
434	33.621482849	
435	33.500000000	
436	36.933807373	
437	35.728893280	
438	29.590566635	
439	26.892721176	
440	26.639715195	
441	28.192033768	
442	23.019157410	
443	25.584093094	
444	23.909235001	
445	22.710727692	
446	28.340995789	
447	28.902297974	
448	34.015327454	
449	33.615669250	
450	32.068965912	
451	32.187080383	
452	27.907121658	
453	32.022987366	
454	25.339410782	
455	24.758621216	
456	23.586206436	
457	19.756704330	
458	24.931034088	
459	23.275861740	
460	27.275333405	
461	30.401638031	
462	31.877527237	
463	32.253929138	
464	30.777778625	
465	35.465518951	
466	28.598096848	
467	26.800106049	
468	27.731271744	
469	22.714559555	
470	27.946359634	
471	20.862068176	
472	21.442331314	
473	24.166864395	
474	26.609195709	
475	28.722221375	
476	30.123529434	
477	33.213436127	
478	31.352489471	
479	30.791187286	
480	28.834323883	
481	23.261528015	
482	26.038314819	
483	22.239992142	
484	22.906328201	
485	23.802484512	
486	23.456600189	
487	27.696590424	
488	28.042013168	
489	32.073326111	
490	31.968027115	
491	31.517374039	
492	32.570747375	
493	28.166666031	
494	27.953891754	
495	21.777645111	
496	20.448276520	
497	21.679548264	
498	22.218391418	
499	27.007663727	
500	24.613687515	
501	27.396749496	
502	27.532567978	
503	27.173801422	
504	31.607610703	
505	27.391729355	
506	26.720306396	
507	22.662109375	
508	21.099617004	
509	21.259744644	
510	18.666666031	
511	21.444444656	
512	20.444972992	
513	23.862068176	
514	28.789272308	
515	30.266283035	
516	29.644866943	
517	23.214559555	
518	25.578544617	
519	23.312921524	
520	20.360021591	
521	22.877393723	
522	0.000000000	
