0	72.000000000	
1	71.571220398	
2	67.966415405	
3	62.503093719	
4	66.779533386	
5	70.801200867	
6	66.786514282	
7	68.223457336	
8	72.168830872	
9	65.808486938	
10	68.063079834	
11	69.644493103	
12	63.127887726	
13	65.801666260	
14	65.932586670	
15	64.089889526	
16	66.925682068	
17	67.604171753	
18	63.157302856	
19	64.625465393	
20	68.727981567	
21	67.752685547	
22	64.382316589	
23	63.749820709	
24	62.698902130	
25	63.826030731	
26	64.736358643	
27	62.606742859	
28	63.570888519	
29	62.803981781	
30	59.466606140	
31	59.840255737	
32	62.736858368	
33	58.500820160	
34	56.065479279	
35	53.750663757	
36	51.707866669	
37	51.364093781	
38	53.318351746	
39	49.471908569	
40	46.764045715	
41	49.483146667	
42	49.561798096	
43	48.689769745	
44	50.110969543	
45	46.724025726	
46	44.896392822	
47	48.718597412	
48	47.736270905	
49	45.573032379	
50	47.460926056	
51	47.337711334	
52	46.317550659	
53	48.288093567	
54	46.125740051	
55	44.334300995	
56	51.503471375	
57	49.439590454	
58	45.381855011	
59	47.681648254	
60	46.338340759	
61	40.245719910	
62	42.938602448	
63	44.415729523	
64	42.943946838	
65	44.479400635	
66	47.530742645	
67	44.954761505	
68	46.659175873	
69	49.438201904	
70	49.549468994	
71	50.948574066	
72	51.627067566	
73	47.220172882	
74	45.943271637	
75	46.540462494	
76	44.255985260	
77	48.614780426	
78	51.875392914	
79	49.295291901	
80	49.205741882	
81	49.842697144	
82	48.323360443	
83	46.908977509	
84	46.013256073	
85	46.703613281	
86	48.006271362	
87	49.471782684	
88	48.401718140	
89	49.000000000	
90	49.477592468	
91	44.954929352	
92	44.275932312	
93	47.786518097	
94	46.466144562	
95	45.409374237	
96	46.245929718	
97	45.669277191	
98	47.242687225	
99	46.634136200	
100	46.475654602	
101	47.985816956	
102	50.598030090	
103	49.522071838	
104	52.232208252	
105	60.136600494	
106	59.736438751	
107	59.131381989	
108	65.325843811	
109	68.889579773	
110	69.857421875	
111	73.816184998	
112	71.547912598	
113	67.298530579	
114	69.112487793	
115	67.736694336	
116	64.287590027	
117	71.961746216	
118	70.778984070	
119	63.111434937	
120	65.898880005	
121	66.201278687	
122	61.116653442	
123	62.508396149	
124	61.011234283	
125	56.325843811	
126	55.815681458	
127	52.614231110	
128	47.340824127	
129	48.005428314	
130	46.398265839	
131	42.692882538	
132	45.033706665	
133	47.427387238	
134	44.052856445	
135	45.741573334	
136	46.360054016	
137	43.931026459	
138	45.685394287	
139	48.153812408	
140	46.189750671	
141	49.557250977	
142	51.082691193	
143	49.471908569	
144	50.168540955	
145	51.401336670	
146	49.619239807	
147	49.836509705	
148	51.815849304	
149	50.513065338	
150	49.076377869	
151	50.316753387	
152	47.139713287	
153	47.814670563	
154	51.677356720	
155	49.632957458	
156	50.359550476	
157	55.816352844	
158	56.865589142	
159	58.516853333	
160	62.594493866	
161	66.745742798	
162	66.940284729	
163	70.292678833	
164	70.027351379	
165	68.584266663	
166	71.205993652	
167	69.587005615	
168	67.390098572	
169	69.621719360	
170	64.399024963	
171	54.835247040	
172	55.753608704	
173	51.970035553	
174	48.157810211	
175	50.842697144	
176	47.749065399	
177	43.014015198	
178	48.000000000	
179	45.453182220	
180	43.606742859	
181	47.014980316	
182	45.833690643	
183	43.859992981	
184	46.811260223	
185	47.353279114	
186	44.359550476	
187	47.393257141	
188	48.999412537	
189	45.652694702	
190	47.161048889	
191	49.077430725	
192	47.253376007	
193	46.500778198	
194	47.139755249	
195	46.518241882	
196	49.767791748	
197	53.773723602	
198	55.405883789	
199	61.606616974	
200	62.325252533	
201	63.000000000	
202	68.644195557	
203	70.801628113	
204	65.673019409	
205	63.622524261	
206	63.886169434	
207	59.394519806	
208	56.533393860	
209	54.671714783	
210	48.585659027	
211	46.794006348	
212	49.727558136	
213	45.525943756	
214	43.342296600	
215	49.651939392	
216	47.652317047	
217	46.650928497	
218	51.880023956	
219	44.073348999	
220	44.219963074	
221	49.579261780	
222	45.523166656	
223	46.885074615	
224	48.935699463	
225	48.438201904	
226	48.374530792	
227	50.243446350	
228	54.000000000	
229	55.457561493	
230	56.483943939	
231	60.151496887	
232	59.296428680	
233	64.905395508	
234	66.672012329	
235	63.310859680	
236	64.811767578	
237	62.573032379	
238	59.853931427	
239	60.374530792	
240	58.004543304	
241	52.861423492	
242	51.205993652	
243	48.234313965	
244	45.375164032	
245	47.629508972	
246	47.865043640	
247	47.263561249	
248	50.430709839	
249	52.033706665	
250	48.198501587	
251	49.517444611	
252	50.445144653	
253	48.907672882	
254	50.438201904	
255	51.725791931	
256	49.700374603	
257	54.299415588	
258	63.247192383	
259	59.775279999	
260	61.886421204	
261	63.383159637	
262	60.670116425	
263	62.722846985	
264	60.865169525	
265	58.531833649	
266	58.237892151	
267	55.000000000	
