0	57.000000000	
1	63.446994781	
2	62.027698517	
3	62.643260956	
4	67.447959900	
5	73.215377808	
6	69.633911133	
7	75.538375854	
8	86.205154419	
9	76.407997131	
10	72.514900208	
11	75.921554565	
12	72.581672668	
13	68.505973816	
14	70.852592468	
15	69.496467590	
16	64.533958435	
17	71.434265137	
18	72.964141846	
19	70.462150574	
20	71.334838867	
21	72.721115112	
22	70.331642151	
23	70.748466492	
24	70.458168030	
25	66.101615906	
26	65.849113464	
27	65.306770325	
28	66.517723083	
29	65.940956116	
30	68.501991272	
31	67.438247681	
32	65.159172058	
33	71.690055847	
34	71.676643372	
35	64.326408386	
36	69.322692871	
37	73.642875671	
38	66.170692444	
39	67.119239807	
40	72.340042114	
41	65.851570129	
42	65.304916382	
43	67.907966614	
44	63.446659088	
45	54.732433319	
46	61.858398438	
47	58.738178253	
48	49.239044189	
49	55.323265076	
50	56.019824982	
51	50.129951477	
52	49.764686584	
53	51.925334930	
54	50.967094421	
55	50.402389526	
56	52.382057190	
57	50.196678162	
58	49.964141846	
59	54.433151245	
60	52.880477905	
61	50.043823242	
62	50.470962524	
63	49.569721222	
64	48.104347229	
65	50.131870270	
66	47.552040100	
67	43.018569946	
68	47.904380798	
69	51.427165985	
70	44.848049164	
71	47.246616364	
72	51.533897400	
73	47.027950287	
74	45.848526001	
75	51.331104279	
76	48.190410614	
77	44.959255219	
78	48.016506195	
79	46.099601746	
80	41.886066437	
81	47.737384796	
82	48.082363129	
83	41.091903687	
84	45.418327332	
85	48.701194763	
86	43.259281158	
87	43.636226654	
88	45.044712067	
89	41.646751404	
90	42.260410309	
91	46.526672363	
92	42.174633026	
93	39.370517731	
94	44.538024902	
95	44.416629791	
96	42.145141602	
97	43.776527405	
98	45.266090393	
99	42.708480835	
100	48.633846283	
101	53.159362793	
102	47.792827606	
103	48.378326416	
104	51.566753387	
105	54.344043732	
106	60.213218689	
107	66.482070923	
108	66.748863220	
109	65.909973145	
110	70.688339233	
111	67.836067200	
112	63.392772675	
113	69.450202942	
114	70.145553589	
115	66.352134705	
116	69.346611023	
117	70.304199219	
118	66.290840149	
119	68.562751770	
120	70.093933105	
121	63.545818329	
122	61.807334900	
123	66.426292419	
124	62.409740448	
125	59.774303436	
126	62.591037750	
127	58.076316833	
128	51.522850037	
129	51.925731659	
130	50.140220642	
131	44.207790375	
132	47.568721771	
133	50.709163666	
134	45.941524506	
135	46.258964539	
136	48.403930664	
137	43.440372467	
138	46.546310425	
139	52.960842133	
140	47.025077820	
141	44.295124054	
142	49.534656525	
143	46.239185333	
144	40.402770996	
145	45.616497040	
146	44.781131744	
147	42.851654053	
148	44.975936890	
149	46.055778503	
150	44.768066406	
151	47.139442444	
152	51.394420624	
153	46.722877502	
154	48.450199127	
155	55.641433716	
156	53.272026062	
157	55.898494720	
158	64.215141296	
159	65.395736694	
160	64.494117737	
161	69.854034424	
162	70.187248230	
163	66.589637756	
164	72.261726379	
165	74.342628479	
166	69.338645935	
167	70.342628479	
168	72.274093628	
169	69.127410889	
170	64.008636475	
171	62.939048767	
172	59.889717102	
173	58.103015900	
174	61.004890442	
175	56.533863068	
176	50.444007874	
177	50.924301147	
178	49.985347748	
179	48.828750610	
180	49.688243866	
181	51.863952637	
182	48.375373840	
183	48.832668304	
184	50.841953278	
185	47.697212219	
186	46.442230225	
187	46.960159302	
188	45.430278778	
189	46.266933441	
190	48.618244171	
191	46.119522095	
192	48.713146210	
193	51.638877869	
194	52.130012512	
195	51.838302612	
196	57.267852783	
197	62.791797638	
198	63.009223938	
199	65.844619751	
200	68.776893616	
201	67.055778503	
202	67.586769104	
203	68.893287659	
204	64.697212219	
205	62.737052917	
206	66.960159302	
207	62.848159790	
208	57.916175842	
209	59.587116241	
210	57.893081665	
211	52.574401855	
212	53.270915985	
213	52.593418121	
214	49.466136932	
215	50.521911621	
216	51.231075287	
217	47.287502289	
218	45.486057281	
219	45.968128204	
220	45.137870789	
221	44.485450745	
222	48.494739532	
223	48.354579926	
224	47.622879028	
225	52.673244476	
226	52.850715637	
227	53.053569794	
228	62.230537415	
229	65.054809570	
230	57.888446808	
231	61.990810394	
232	64.354583740	
233	60.756973267	
234	61.199203491	
235	65.458168030	
236	61.390438080	
237	59.373977661	
238	61.625514984	
239	54.812747955	
240	49.023902893	
241	55.130348206	
242	51.556148529	
243	49.283851624	
244	50.305042267	
245	50.171203613	
246	46.657131195	
247	47.054031372	
248	48.587165833	
249	46.862987518	
250	46.904380798	
251	48.000000000	
