0	60.000000000	
1	59.143699646	
2	58.312652588	
3	57.100669861	
4	57.883255005	
5	60.166992188	
6	58.169292450	
7	59.364173889	
8	55.577220917	
9	59.706184387	
10	58.254573822	
11	53.208816528	
12	54.448818207	
13	53.131889343	
14	53.743087769	
15	50.700786591	
16	52.519683838	
17	49.856300354	
18	49.480316162	
19	51.965324402	
20	48.874015808	
21	48.017715454	
22	46.385749817	
23	48.779525757	
24	47.244094849	
25	46.222442627	
26	46.049011230	
27	44.988746643	
28	44.515655518	
29	44.834983826	
30	47.066928864	
31	43.146186829	
32	41.512493134	
33	44.040988922	
34	43.443038940	
35	42.883468628	
36	39.582427979	
37	43.781497955	
38	41.685039520	
39	38.996063232	
40	39.031497955	
41	36.028446198	
42	40.843711853	
43	40.096458435	
44	41.102672577	
45	38.049423218	
46	38.040626526	
47	41.179950714	
48	37.960197449	
49	36.067459106	
50	37.350780487	
51	39.210628510	
52	41.291339874	
53	42.281890869	
54	44.186450958	
55	44.378437042	
56	43.047615051	
57	42.707942963	
58	42.316310883	
59	43.541339874	
60	44.661231995	
61	43.765747070	
62	43.090549469	
63	43.946849823	
64	45.713806152	
65	47.311023712	
66	48.169292450	
67	48.826160431	
68	49.361709595	
69	47.976379395	
70	50.837017059	
71	47.013778687	
72	50.472442627	
73	52.267848969	
74	51.728641510	
75	51.439670563	
76	48.354331970	
77	53.332675934	
78	52.400783539	
79	54.194881439	
80	52.900924683	
81	53.287620544	
82	55.133857727	
83	52.218502045	
84	54.299213409	
85	50.062290192	
86	48.900196075	
87	49.618434906	
88	52.267715454	
89	53.485797882	
90	51.252388000	
91	56.807826996	
92	55.483165741	
93	59.559791565	
94	61.499332428	
95	64.308258057	
96	70.713066101	
97	71.091445923	
98	75.263465881	
99	73.679130554	
100	76.005767822	
101	75.223373413	
102	74.862205505	
103	77.303146362	
104	73.731475830	
105	74.494506836	
106	65.583465576	
107	66.120079041	
108	65.118110657	
109	62.097011566	
110	61.340583801	
111	57.631889343	
112	58.826770782	
113	52.403541565	
114	50.546886444	
115	46.988243103	
116	43.485275269	
117	41.507556915	
118	39.700725555	
119	39.464397430	
120	37.102363586	
121	37.868110657	
122	36.818897247	
123	35.653541565	
124	37.677600861	
125	37.962596893	
126	37.106300354	
127	39.250000000	
128	38.787403107	
129	38.925197601	
130	41.259841919	
131	43.439086914	
132	42.475231171	
133	47.167697906	
134	41.663433075	
135	46.321037292	
136	46.401573181	
137	43.867286682	
138	46.134368896	
139	48.811023712	
140	45.817287445	
141	47.219440460	
142	47.772132874	
143	46.120098114	
144	46.291339874	
145	49.974411011	
146	50.311023712	
147	57.262096405	
148	59.077560425	
149	65.469749451	
150	67.525230408	
151	67.104713440	
152	71.680511475	
153	70.592521667	
154	70.413383484	
155	68.301177979	
156	67.818901062	
157	65.839027405	
158	63.287403107	
159	62.547245026	
160	51.346458435	
161	51.975761414	
162	46.216533661	
163	43.965305328	
164	41.023620605	
165	39.347156525	
166	40.016040802	
167	39.534366608	
168	36.428543091	
169	37.649604797	
170	38.559055328	
171	37.842338562	
172	38.052761078	
173	39.954944611	
174	37.094490051	
175	43.055175781	
176	41.874015808	
177	42.489139557	
178	42.136104584	
179	40.595180511	
180	43.140056610	
181	41.449867249	
182	44.919277191	
183	45.259963989	
184	45.374420166	
185	48.177291870	
186	53.381889343	
187	57.068897247	
188	58.973712921	
189	61.521652222	
190	59.654304504	
191	60.753402710	
192	61.189907074	
193	58.064346313	
194	56.078739166	
195	50.244094849	
196	50.408206940	
197	47.600032806	
198	45.389019012	
199	41.840099335	
200	39.716533661	
201	39.643306732	
202	36.142135620	
203	38.389762878	
204	36.751441956	
205	39.176635742	
206	39.501533508	
207	36.636978149	
208	39.157108307	
209	41.906391144	
210	44.468502045	
211	42.207038879	
212	43.415771484	
213	43.649604797	
214	41.240158081	
215	45.309055328	
216	45.826770782	
217	50.710556030	
218	55.324554443	
219	59.468894958	
220	61.109863281	
221	61.383857727	
222	64.637794495	
223	61.234252930	
224	62.496063232	
225	57.031833649	
226	52.971698761	
227	47.525810242	
228	47.590549469	
229	47.866142273	
230	42.181102753	
231	44.150905609	
232	41.832599640	
233	42.850395203	
234	43.038734436	
235	40.538158417	
236	42.086677551	
237	39.909973145	
238	46.610237122	
239	45.456691742	
240	46.299213409	
241	46.362476349	
242	44.783466339	
243	52.332695007	
244	55.799861908	
245	54.478347778	
246	55.173679352	
247	58.972694397	
248	62.439208984	
249	63.250328064	
250	64.706535339	
251	57.477519989	
252	59.220474243	
253	55.161823273	
254	49.250000000	
255	44.569709778	
256	43.385826111	
257	46.659172058	
258	42.902179718	
259	44.474411011	
260	42.229213715	
261	43.470474243	
262	44.472888947	
263	42.572834015	
264	44.508525848	
265	42.584705353	
266	45.751968384	
267	45.480178833	
268	48.302188873	
269	51.415378571	
270	52.956691742	
271	59.982807159	
272	59.252029419	
273	62.415355682	
274	56.446029663	
275	53.383560181	
276	54.086612701	
277	51.584644318	
278	53.692913055	
279	47.226379395	
280	45.851818085	
281	42.899604797	
282	42.905509949	
283	44.355003357	
284	41.749954224	
285	44.269683838	
286	40.266429901	
287	43.063167572	
288	43.874263763	
289	46.731513977	
290	47.602363586	
291	49.317150116	
292	49.164299011	
293	53.201534271	
294	59.629348755	
295	60.352554321	
296	60.149604797	
297	60.596458435	
298	58.388103485	
299	58.124225616	
300	51.092689514	
301	49.715049744	
302	43.269252777	
303	41.545806885	
304	44.849090576	
305	41.803150177	
306	43.928932190	
307	42.178348541	
308	46.843078613	
309	46.832675934	
310	47.541709900	
311	49.078918457	
312	49.377952576	
313	56.933071136	
314	55.559055328	
315	59.346252441	
316	59.811023712	
317	60.585182190	
318	60.127502441	
319	54.175197601	
320	55.608718872	
321	50.476684570	
322	49.808559418	
323	46.854331970	
324	46.464565277	
325	47.255905151	
326	43.838581085	
327	46.980316162	
328	45.267715454	
329	47.889762878	
330	41.920684814	
331	41.436058044	
332	48.908424377	
333	51.175254822	
334	55.255580902	
335	57.641933441	
336	58.533882141	
337	55.866325378	
338	52.163681030	
339	50.711196899	
340	49.097835541	
341	49.455627441	
342	44.728347778	
343	46.131889343	
344	44.732284546	
345	44.952014923	
346	46.881889343	
347	44.271652222	
348	45.984252930	
349	43.723613739	
350	46.945346832	
351	46.212337494	
352	48.838737488	
353	52.413387299	
354	51.062992096	
355	55.523620605	
356	51.480316162	
357	50.297626495	
358	44.911773682	
359	42.316513062	
360	42.929134369	
361	40.731155396	
362	45.476642609	
363	42.559055328	
364	44.771652222	
365	42.686344147	
366	42.158920288	
367	42.735282898	
368	42.651931763	
369	47.846458435	
370	46.799724579	
371	51.144844055	
372	51.370079041	
373	51.490158081	
374	51.934295654	
375	46.808677673	
376	46.005084991	
377	40.844600677	
378	42.043308258	
379	41.387794495	
380	41.680202484	
381	43.937500000	
382	42.903713226	
383	45.887794495	
384	44.201004028	
385	47.375984192	
386	47.319717407	
387	48.544898987	
388	51.023620605	
389	48.301181793	
390	50.870079041	
391	45.774765015	
392	46.062992096	
393	45.423229218	
394	44.389408112	
395	43.072834015	
396	38.596939087	
397	44.264442444	
398	41.005874634	
399	41.895668030	
400	42.047245026	
401	44.612205505	
402	49.535434723	
403	48.322418213	
404	51.639408112	
405	50.263397217	
406	50.657482147	
407	48.431102753	
408	46.596317291	
409	46.641731262	
410	42.435195923	
411	47.428688049	
412	44.954490662	
413	44.430721283	
414	42.633857727	
415	40.147636414	
416	40.672142029	
417	43.005905151	
418	46.637374878	
419	50.275169373	
420	51.360965729	
421	50.037403107	
422	47.566928864	
423	44.786701202	
424	42.820571899	
425	46.503936768	
426	41.633472443	
427	41.557529449	
428	42.476036072	
429	42.265747070	
430	45.137794495	
431	41.943862915	
432	41.680824280	
433	41.641151428	
434	46.814960480	
435	50.105381012	
436	51.385826111	
437	51.740036011	
438	44.299213409	
439	44.637794495	
440	41.889762878	
441	43.511810303	
442	43.703578949	
443	41.613842010	
444	40.086612701	
445	36.086612701	
446	42.259841919	
447	46.012222290	
448	52.480316162	
449	51.173229218	
450	47.669292450	
451	48.539192200	
452	44.094116211	
453	45.332191467	
454	41.167881012	
455	42.249214172	
456	42.541137695	
457	41.328739166	
458	40.354717255	
459	34.751590729	
460	38.889762878	
461	43.601211548	
462	47.015747070	
463	47.303150177	
464	46.897327423	
465	46.875640869	
466	40.106300354	
467	42.675197601	
468	41.503936768	
469	42.812992096	
470	39.661418915	
471	36.480239868	
472	39.661170959	
473	35.236221313	
474	43.143329620	
475	43.519683838	
476	44.960628510	
477	45.594490051	
478	45.629875183	
479	46.351352692	
480	41.488376617	
481	40.853069305	
482	37.573719025	
483	37.649604797	
484	37.419181824	
485	35.112876892	
486	34.515827179	
487	40.125686646	
488	40.081344604	
489	41.460628510	
490	43.360298157	
491	42.583198547	
492	40.881889343	
493	40.874988556	
494	34.310016632	
495	38.340549469	
496	35.531959534	
497	33.015766144	
498	32.026241302	
499	33.100395203	
500	37.708660126	
501	37.791088104	
502	44.052280426	
503	42.844490051	
504	43.190341949	
505	41.028110504	
506	36.091232300	
507	36.000000000	
508	36.000000000	
