0	29.000000000	
1	27.010149002	
2	25.226165771	
3	25.635456085	
4	25.670103073	
5	25.166116714	
6	25.503986359	
7	25.077320099	
8	25.319694519	
9	26.219045639	
10	28.618556976	
11	27.532257080	
12	24.061855316	
13	25.128866196	
14	25.536083221	
15	24.005155563	
16	25.299394608	
17	27.691040039	
18	27.061748505	
19	24.624561310	
20	25.298969269	
21	24.247423172	
22	20.402061462	
23	22.130725861	
24	27.269954681	
25	23.989690781	
26	22.896907806	
27	26.623710632	
28	25.710063934	
29	22.541236877	
30	24.124561310	
31	26.290094376	
32	27.061855316	
33	28.097938538	
34	28.939418793	
35	28.731958389	
36	28.071739197	
37	30.414125443	
38	33.762886047	
39	33.499786377	
40	33.724308014	
41	35.108192444	
42	33.216495514	
43	30.344404221	
44	34.711978912	
45	35.579231262	
46	32.456478119	
47	31.068870544	
48	30.179084778	
49	32.581146240	
50	34.845359802	
51	35.863693237	
52	36.163036346	
53	37.329895020	
54	39.412372589	
55	41.631149292	
56	43.835052490	
57	43.131046295	
58	42.567008972	
59	41.953609467	
60	41.020618439	
61	42.019767761	
62	41.886596680	
63	41.855724335	
64	43.721649170	
65	43.139175415	
66	43.757148743	
67	45.114253998	
68	47.432991028	
69	47.691997528	
70	43.896907806	
71	43.597938538	
72	44.474227905	
73	40.707141876	
74	36.567008972	
75	35.629024506	
76	34.326602936	
77	30.101764679	
78	30.731958389	
79	32.262992859	
80	28.834732056	
81	26.777925491	
82	28.268041611	
83	26.675258636	
84	22.565841675	
85	24.061855316	
86	26.713996887	
87	23.818630219	
88	22.000000000	
89	22.000000000	
90	22.126367569	
91	23.010309219	
92	24.175258636	
93	24.149484634	
94	21.237113953	
95	21.675258636	
96	24.989372253	
97	24.000000000	
98	22.061855316	
99	25.041873932	
100	25.872568130	
101	23.636571884	
102	24.679243088	
103	27.861410141	
104	23.085130692	
105	21.232065201	
106	23.969072342	
107	23.098417282	
108	20.426506042	
109	22.353332520	
110	24.545223236	
111	24.747423172	
112	26.371347427	
113	29.047241211	
114	25.834732056	
115	22.082580566	
116	24.502603531	
117	25.683654785	
118	27.261451721	
119	30.092782974	
120	34.051548004	
121	35.284461975	
122	34.498245239	
123	33.581516266	
124	35.655117035	
125	39.686843872	
126	41.123924255	
127	43.871135712	
128	41.635456085	
129	39.061855316	
130	39.876289368	
131	42.564407349	
132	44.058456421	
133	44.768466949	
134	45.659793854	
135	42.515464783	
136	34.475502014	
137	33.819587708	
138	31.448400497	
139	27.489690781	
140	25.525774002	
141	24.520618439	
142	21.443298340	
143	22.056701660	
144	26.412370682	
145	23.828567505	
146	18.295143127	
147	21.840206146	
148	23.381443024	
149	21.634019852	
150	22.174619675	
151	24.794771194	
152	22.855670929	
153	21.829896927	
154	26.033584595	
155	26.979593277	
156	25.274950027	
157	25.388351440	
158	25.969072342	
159	25.498830795	
160	26.278350830	
161	27.115049362	
162	25.018918991	
163	24.632585526	
164	31.503454208	
165	36.613510132	
166	34.579872131	
167	36.309757233	
168	40.741310120	
169	43.917526245	
170	44.535125732	
171	43.140609741	
172	39.406738281	
173	38.865554810	
174	42.286746979	
175	43.221649170	
176	38.040813446	
177	30.479381561	
178	27.804122925	
179	27.691572189	
180	22.546710968	
181	21.972579956	
182	24.739929199	
183	21.505155563	
184	18.433946609	
185	22.378839493	
186	22.629184723	
187	18.564353943	
188	20.134019852	
189	22.752576828	
190	21.659793854	
191	22.010309219	
192	24.401424408	
193	23.437984467	
194	21.000000000	
