0	47.000000000	
1	44.261795044	
2	44.428031921	
3	48.527374268	
4	44.498622894	
5	41.809055328	
6	46.972106934	
7	45.477443695	
8	43.347106934	
9	45.197830200	
10	42.412189484	
11	40.187500000	
12	44.669422150	
13	42.402462006	
14	40.481403351	
15	40.895145416	
16	42.655647278	
17	45.933197021	
18	47.928718567	
19	46.125602722	
20	42.825069427	
21	45.514980316	
22	44.583332062	
23	42.655303955	
24	44.727272034	
25	43.532455444	
26	42.198692322	
27	45.181819916	
28	44.123966217	
29	42.470470428	
30	44.477272034	
31	44.216339111	
32	43.501377106	
33	44.875000000	
34	43.574378967	
35	42.030735016	
36	42.136363983	
37	45.334106445	
38	41.696968079	
39	45.537963867	
40	46.823692322	
41	41.372848511	
42	45.285125732	
43	46.977272034	
44	44.833332062	
45	42.761363983	
46	40.800273895	
47	40.450756073	
48	44.520660400	
49	43.946968079	
50	40.523761749	
51	43.239410400	
52	44.884296417	
53	43.330837250	
54	45.456611633	
55	47.979167938	
56	44.272727966	
57	43.320762634	
58	46.098827362	
59	42.533229828	
60	43.842975616	
61	46.746902466	
62	45.991390228	
63	47.987602234	
64	48.983470917	
65	42.807422638	
66	45.875000000	
67	47.036674500	
68	42.115703583	
69	45.886363983	
70	46.100894928	
71	45.765411377	
72	47.933883667	
73	49.598484039	
74	48.469696045	
75	50.476497650	
76	53.073001862	
77	52.854167938	
78	54.945247650	
79	59.949638367	
80	58.834709167	
81	59.109764099	
82	62.979339600	
83	62.424156189	
84	60.181819916	
85	63.884727478	
86	60.027893066	
87	59.561206818	
88	62.333332062	
89	58.943782806	
90	63.790290833	
91	64.566543579	
92	61.019283295	
93	62.579544067	
94	57.962120056	
95	59.360019684	
96	59.264461517	
97	64.254219055	
98	65.992424011	
99	64.281250000	
100	69.162536621	
101	71.576622009	
102	69.363639832	
103	74.919677734	
104	74.942146301	
105	72.590393066	
106	74.065429688	
107	68.672088623	
108	64.500000000	
109	67.230461121	
110	65.083335876	
111	61.436206818	
112	62.165290833	
113	59.602272034	
114	54.467975616	
115	53.253616333	
116	51.212120056	
117	48.649276733	
118	45.816802979	
119	43.184402466	
120	41.024791718	
121	44.791667938	
122	43.072658539	
123	45.549846649	
124	45.661155701	
125	45.782455444	
126	44.053718567	
127	47.984416962	
128	48.123966217	
129	46.146179199	
130	49.135673523	
131	49.099689484	
132	43.500000000	
133	45.722881317	
134	46.055438995	
135	45.573604584	
136	51.969696045	
137	51.120349884	
138	49.242767334	
139	52.903152466	
140	57.129478455	
141	55.194732666	
142	59.542697906	
143	64.468750000	
144	59.082645416	
145	62.944732666	
146	70.063018799	
147	63.958934784	
148	66.181816101	
149	65.446365356	
150	62.693180084	
151	63.560779572	
152	65.482093811	
153	69.771697998	
154	76.750000000	
155	69.617683411	
156	71.599174500	
157	75.401428223	
158	73.738288879	
159	70.996383667	
160	70.633605957	
161	69.484848022	
162	63.136363983	
163	59.336688995	
164	57.703857422	
165	54.000000000	
166	53.765495300	
167	53.419593811	
168	44.876033783	
169	44.438705444	
170	48.870178223	
171	47.518852234	
172	48.742424011	
173	51.246212006	
174	47.176651001	
175	46.333934784	
176	49.666667938	
177	47.640754700	
178	47.000000000	
179	47.000000000	
180	49.293388367	
181	51.053115845	
182	54.008609772	
183	56.239410400	
184	56.719009399	
185	63.326187134	
186	63.901859283	
187	59.906250000	
188	64.575759888	
189	63.300102234	
190	60.931472778	
191	66.973396301	
192	66.066116333	
193	66.897384644	
194	73.089530945	
195	75.161933899	
196	73.023414612	
197	72.114753723	
198	66.750000000	
199	60.594264984	
200	64.358123779	
201	58.204544067	
202	51.798896790	
203	50.234245300	
204	50.500000000	
205	50.387912750	
206	52.048553467	
207	48.802169800	
208	46.526172638	
209	51.041667938	
210	50.485538483	
211	46.241561890	
212	50.228649139	
213	48.018077850	
214	48.107437134	
215	55.621726990	
216	55.107437134	
217	54.427513123	
218	60.772727966	
219	62.893337250	
220	61.333332062	
221	62.720901489	
222	64.975204468	
223	64.211692810	
224	67.336090088	
225	73.269889832	
226	70.713844299	
227	70.822570801	
228	71.392562866	
229	67.101753235	
230	65.792358398	
231	63.843750000	
232	56.730026245	
233	56.640064240	
234	56.832645416	
235	52.329029083	
236	51.699726105	
237	48.457126617	
238	43.487949371	
239	46.696281433	
240	48.247932434	
241	45.943180084	
242	50.208332062	
243	53.525310516	
244	50.563362122	
245	57.964187622	
246	65.139465332	
247	61.713928223	
248	62.691459656	
249	70.283576965	
250	68.046142578	
251	66.592117310	
252	68.966941833	
253	70.500000000	
254	74.234504700	
255	76.070251465	
256	68.942146301	
257	63.914169312	
258	64.005165100	
259	61.952564240	
260	55.381542206	
261	53.513687134	
262	50.743457794	
263	49.861225128	
264	51.000000000	
