0	50.000000000	
1	43.719223022	
2	47.745719910	
3	43.189411163	
4	44.747455597	
5	45.725051880	
6	42.507816315	
7	44.737415314	
8	38.786151886	
9	47.149208069	
10	39.926681519	
11	44.480651855	
12	42.027194977	
13	42.705768585	
14	45.027057648	
15	40.583732605	
16	44.922607422	
17	40.042770386	
18	42.215885162	
19	41.473865509	
20	42.764015198	
21	40.302154541	
22	40.820755005	
23	42.936683655	
24	36.892890930	
25	44.683261871	
26	38.515533447	
27	40.103244781	
28	38.215599060	
29	41.403331757	
30	40.490833282	
31	37.845214844	
32	38.670059204	
33	38.458248138	
34	42.926681519	
35	40.066764832	
36	43.674133301	
37	37.368087769	
38	38.171749115	
39	41.201190948	
40	39.243320465	
41	41.790771484	
42	36.107944489	
43	44.496994019	
44	38.718856812	
45	42.294403076	
46	42.815376282	
47	46.866889954	
48	50.937042236	
49	49.864578247	
50	56.437881470	
51	51.146640778	
52	58.120143890	
53	54.532962799	
54	59.744163513	
55	61.106666565	
56	60.004325867	
57	60.631389618	
58	57.413291931	
59	65.310867310	
60	67.160507202	
61	69.211135864	
62	67.697578430	
63	71.986396790	
64	71.942520142	
65	71.433540344	
66	73.584709167	
67	68.863540649	
68	72.861503601	
69	72.359748840	
70	74.291763306	
71	74.580444336	
72	78.769210815	
73	77.231521606	
74	69.590629578	
75	70.441955566	
76	64.772529602	
77	65.604125977	
78	59.491390228	
79	59.450328827	
80	56.645492554	
81	51.341922760	
82	51.515121460	
83	48.202880859	
84	51.976100922	
85	45.305084229	
86	47.063137054	
87	45.573150635	
88	45.446361542	
89	42.655124664	
90	40.933071136	
91	42.842987061	
92	43.190628052	
93	47.643024445	
94	41.054988861	
95	47.934215546	
96	44.885948181	
97	47.460445404	
98	51.109863281	
99	49.409370422	
100	50.321163177	
101	38.762908936	
102	48.426258087	
103	43.543788910	
104	46.973442078	
105	46.052875519	
106	44.067958832	
107	43.279022217	
108	42.045906067	
109	41.095428467	
110	34.305019379	
111	42.632972717	
112	38.451633453	
113	39.542881012	
114	36.973323822	
115	36.639896393	
116	38.599075317	
117	34.059295654	
118	37.634334564	
119	32.300201416	
120	38.678684235	
121	38.586559296	
122	41.531566620	
123	45.286842346	
124	50.261688232	
125	55.767852783	
126	54.696537018	
127	59.987781525	
128	55.380855560	
129	63.450099945	
130	65.217803955	
131	66.617164612	
132	70.736526489	
133	70.204750061	
134	72.697746277	
135	61.750125885	
136	64.786064148	
137	54.553718567	
138	52.269149780	
139	46.634635925	
140	45.370670319	
141	46.794719696	
142	43.195518494	
143	46.920570374	
144	37.101833344	
145	40.386413574	
146	42.556240082	
147	45.848400116	
148	42.018638611	
149	39.774173737	
150	43.403076172	
151	39.731616974	
152	46.620651245	
153	39.462280273	
154	43.244392395	
155	40.297832489	
156	39.885021210	
157	36.128025055	
158	33.582939148	
159	39.494747162	
160	33.471542358	
161	37.176597595	
162	30.062191010	
163	35.986579895	
164	32.923835754	
165	35.475856781	
166	40.006580353	
167	38.887985229	
168	44.425540924	
169	42.494907379	
170	54.900203705	
171	51.647659302	
172	55.642345428	
173	55.226715088	
174	56.076702118	
175	56.587680817	
176	52.431770325	
177	53.512664795	
178	43.054306030	
179	49.729496002	
180	40.182735443	
181	39.677982330	
182	37.241088867	
183	33.855388641	
184	36.240753174	
185	35.591934204	
186	39.421180725	
187	36.376838684	
188	38.272911072	
189	34.792259216	
190	35.057025909	
191	35.607360840	
192	35.183704376	
193	34.822322845	
194	26.564155579	
195	34.912422180	
196	30.763748169	
197	34.374744415	
198	31.205345154	
199	32.937602997	
200	34.493938446	
201	32.454345703	
202	39.792259216	
203	39.132381439	
204	45.364562988	
205	47.326435089	
206	51.856811523	
207	52.407524109	
208	53.495075226	
209	53.200595856	
210	46.959266663	
211	50.578304291	
212	39.742309570	
213	42.356414795	
214	37.722621918	
215	40.789661407	
216	38.815502167	
217	38.274948120	
218	36.838245392	
219	33.144775391	
220	40.920532227	
221	34.765018463	
222	39.431770325	
223	35.737270355	
224	36.985755920	
225	37.061100006	
226	33.820774078	
227	36.479564667	
228	30.701406479	
229	35.981391907	
230	36.000000000	
231	42.669544220	
232	46.385768890	
233	50.830467224	
234	55.519813538	
235	55.427516937	
236	57.995586395	
237	51.032585144	
238	58.087577820	
239	50.879837036	
240	51.279151917	
241	47.356281281	
242	44.920570374	
243	45.046844482	
244	39.381065369	
245	45.234943390	
246	38.179950714	
247	42.114051819	
248	34.771984100	
249	37.548007965	
250	37.635437012	
251	34.751525879	
252	36.606925964	
253	32.202846527	
254	33.989822388	
255	33.068565369	
256	38.757637024	
257	39.043235779	
258	43.034866333	
259	45.467235565	
260	44.699851990	
261	48.637474060	
262	53.227828979	
263	56.296112061	
264	50.221858978	
265	47.833900452	
266	43.240325928	
267	41.610996246	
268	41.887985229	
269	40.240653992	
270	42.446796417	
271	38.055027008	
272	41.450275421	
273	36.099258423	
274	40.667011261	
275	38.226070404	
276	34.437881470	
277	35.136062622	
278	32.526329041	
279	42.493839264	
280	38.397041321	
281	43.637474060	
282	44.102176666	
283	49.906478882	
284	52.002418518	
285	53.228729248	
286	56.829490662	
287	48.222347260	
288	49.939002991	
289	40.424346924	
290	45.382892609	
291	43.588108063	
292	42.842807770	
293	42.606567383	
294	39.627815247	
295	41.635437012	
296	40.854167938	
297	43.688606262	
298	38.211811066	
299	38.146232605	
300	34.819030762	
301	37.711196899	
302	45.216026306	
303	46.229316711	
304	48.154815674	
305	49.971282959	
306	57.847415924	
307	53.304695129	
308	57.148658752	
309	51.456592560	
310	45.059173584	
311	48.815227509	
312	42.730415344	
313	45.907684326	
314	43.687500000	
315	43.646331787	
316	40.870777130	
317	42.477272034	
318	40.987781525	
319	36.826885223	
320	38.853359222	
321	32.896129608	
322	43.596740723	
323	40.773929596	
324	46.721267700	
325	45.443992615	
326	49.470829010	
327	52.722595215	
328	48.388584137	
329	51.340122223	
330	43.350898743	
331	47.878761292	
332	40.723175049	
333	43.423854828	
334	40.417800903	
335	37.893718719	
336	40.993888855	
337	38.643585205	
338	38.780040741	
339	36.134418488	
340	36.802970886	
341	35.851322174	
342	39.305500031	
343	39.103870392	
344	39.587707520	
345	46.523189545	
346	45.579895020	
347	50.615070343	
348	38.680244446	
349	43.622150421	
350	39.205280304	
351	39.288215637	
352	39.482688904	
353	37.054988861	
354	37.358703613	
355	30.601789474	
356	38.549198151	
357	35.684318542	
358	36.138492584	
359	35.652477264	
360	38.040954590	
361	40.586238861	
362	41.906314850	
363	47.012264252	
364	40.260181427	
365	44.503250122	
366	40.979633331	
367	40.633399963	
368	38.352340698	
369	37.893638611	
370	40.046844482	
371	37.901763916	
372	39.657028198	
373	33.911491394	
374	37.185451508	
375	34.360191345	
376	34.753562927	
377	36.904178619	
378	40.600814819	
379	44.393581390	
380	41.114051819	
381	43.983188629	
382	38.361934662	
383	42.682281494	
384	38.986152649	
385	39.644119263	
386	40.787792206	
387	39.969367981	
388	38.477130890	
389	34.342159271	
390	40.515274048	
391	33.724418640	
392	36.861507416	
393	36.057083130	
394	38.947048187	
395	42.682079315	
396	41.593276978	
397	49.848117828	
398	43.856872559	
399	46.753562927	
400	37.959171295	
401	41.313644409	
402	38.591316223	
403	37.319423676	
404	40.576374054	
405	34.346630096	
406	38.735233307	
407	33.503055573	
408	41.103244781	
409	38.881874084	
410	40.470703125	
411	42.262969971	
412	43.492870331	
413	46.770690918	
414	43.630599976	
415	46.910385132	
416	42.702648163	
417	41.306594849	
418	38.527435303	
419	37.515274048	
420	37.452136993	
421	35.757377625	
422	37.466827393	
423	34.228107452	
424	40.401222229	
425	39.407333374	
426	41.738719940	
427	41.226024628	
428	43.218383789	
429	46.464111328	
430	41.760807037	
431	43.857822418	
432	40.114795685	
433	39.148677826	
434	37.350303650	
435	40.036659241	
436	37.651729584	
437	35.109981537	
438	36.175151825	
439	32.558067322	
440	40.859172821	
441	35.174839020	
442	43.469463348	
443	42.952419281	
444	43.983707428	
445	43.845718384	
446	39.839035034	
447	40.472587585	
448	36.468433380	
449	38.412559509	
450	32.874820709	
451	35.212890625	
452	35.087135315	
453	35.523387909	
454	35.892604828	
455	35.140876770	
456	43.520942688	
457	37.175151825	
458	46.405296326	
459	39.991729736	
460	40.507190704	
461	37.229946136	
462	32.217922211	
463	30.812341690	
464	31.490129471	
465	36.910644531	
466	29.648715973	
467	36.632198334	
468	33.647834778	
469	37.598758698	
470	38.601390839	
471	39.457977295	
472	43.427707672	
473	37.201366425	
474	38.930786133	
475	31.775905609	
476	36.447277069	
477	31.319175720	
478	32.758590698	
479	34.225353241	
480	32.321792603	
481	35.972640991	
482	35.646152496	
483	44.281829834	
484	38.262584686	
485	40.972145081	
486	37.419185638	
487	36.835029602	
488	35.101833344	
489	27.736665726	
490	31.059062958	
491	32.000000000	
