0	35.000000000	
1	30.200611115	
2	28.974256516	
3	31.791643143	
4	33.184272766	
5	30.564355850	
6	29.265584946	
7	28.029973984	
8	29.501899719	
9	30.037796021	
10	32.394275665	
11	32.399517059	
12	25.365312576	
13	30.669307709	
14	30.332674026	
15	31.783159256	
16	27.378377914	
17	23.159851074	
18	30.386138916	
19	24.414817810	
20	27.722772598	
21	29.475248337	
22	29.716934204	
23	31.301671982	
24	27.223628998	
25	28.441720963	
26	26.864414215	
27	26.582567215	
28	28.461385727	
29	29.792079926	
30	30.079208374	
31	23.671287537	
32	30.031682968	
33	30.938613892	
34	28.449705124	
35	27.478384018	
36	25.218511581	
37	29.315450668	
38	25.431417465	
39	28.706930161	
40	31.229192734	
41	27.615287781	
42	28.277387619	
43	28.193710327	
44	32.057220459	
45	28.686403275	
46	30.344421387	
47	36.582191467	
48	33.240062714	
49	33.296356201	
50	40.982845306	
51	44.396038055	
52	45.429931641	
53	44.290554047	
54	46.496601105	
55	51.791000366	
56	52.933177948	
57	55.537322998	
58	58.687477112	
59	59.471286774	
60	60.421627045	
61	64.284240723	
62	65.763458252	
63	64.843429565	
64	65.630889893	
65	69.197433472	
66	66.574256897	
67	59.643566132	
68	63.639602661	
69	61.655990601	
70	57.586803436	
71	54.214969635	
72	50.136634827	
73	47.625003815	
74	44.455066681	
75	43.762374878	
76	42.199466705	
77	38.959468842	
78	39.632503510	
79	37.536632538	
80	40.514850616	
81	37.943042755	
82	38.372276306	
83	39.837795258	
84	37.762374878	
85	39.003726959	
86	37.865932465	
87	40.889110565	
88	37.542575836	
89	35.255214691	
90	39.801979065	
91	37.477046967	
92	33.325500488	
93	29.008991241	
94	31.973194122	
95	31.721105576	
96	27.837471008	
97	31.566337585	
98	29.324752808	
99	28.461385727	
100	24.227722168	
101	24.440000534	
102	26.576057434	
103	22.295276642	
104	22.169191360	
105	21.850700378	
106	25.277235031	
107	24.592811584	
108	25.975881577	
109	29.388456345	
110	21.847171783	
111	22.794059753	
112	26.501163483	
113	26.809900284	
114	25.730693817	
115	26.405254364	
116	27.551078796	
117	30.766967773	
118	36.469852448	
119	43.801979065	
120	48.072540283	
121	47.937099457	
122	48.446220398	
123	54.837623596	
124	54.848628998	
125	53.333595276	
126	56.399467468	
127	56.079208374	
128	55.144554138	
129	45.646362305	
130	45.128711700	
131	41.377780914	
132	36.575321198	
133	39.522773743	
134	34.489109039	
135	38.425743103	
136	35.675247192	
137	35.665447235	
138	37.298610687	
139	36.517887115	
140	35.069305420	
141	34.480113983	
142	36.681427002	
143	32.051322937	
144	29.207920074	
145	31.108615875	
146	27.899009705	
147	29.590099335	
148	26.895050049	
149	26.415842056	
150	22.771297455	
151	19.013860703	
152	27.918811798	
153	23.939554214	
154	24.012308121	
155	22.539260864	
156	22.855928421	
157	26.584358215	
158	25.959886551	
159	29.668535233	
160	31.717773438	
161	34.140594482	
162	37.107158661	
163	40.587036133	
164	46.706005096	
165	45.435447693	
166	49.013862610	
167	48.483169556	
168	45.540390015	
169	44.141719818	
170	42.628761292	
171	38.762104034	
172	35.028079987	
173	34.508911133	
174	37.058586121	
175	36.159198761	
176	33.459754944	
177	33.875247955	
178	35.729637146	
179	30.364356995	
180	27.789529800	
181	30.273267746	
182	27.571556091	
183	28.045312881	
184	24.081188202	
185	26.806880951	
186	25.320791245	
187	21.598623276	
188	25.680368423	
189	26.017042160	
190	24.174884796	
191	20.945302963	
192	24.633663177	
193	29.338130951	
194	27.300989151	
195	33.123420715	
196	34.882930756	
197	39.560485840	
198	43.082660675	
199	45.205585480	
200	48.033916473	
201	40.976993561	
202	40.240001678	
203	38.481369019	
204	37.982177734	
205	37.172237396	
206	35.950382233	
207	40.698066711	
208	31.476121902	
209	30.811882019	
210	32.667385101	
211	32.332672119	
212	31.807920456	
213	27.548471451	
214	31.095048904	
215	27.850309372	
216	26.636726379	
217	28.701158524	
218	27.316831589	
219	27.304307938	
220	24.019802094	
221	29.005941391	
222	33.016563416	
223	33.827724457	
224	37.281188965	
225	46.026958466	
226	44.881053925	
227	48.890998840	
228	52.755294800	
229	50.720790863	
230	42.910892487	
231	43.199592590	
232	41.573902130	
233	43.505867004	
234	40.025196075	
235	37.880405426	
236	38.332874298	
237	31.292371750	
238	33.451484680	
239	32.669898987	
240	33.158023834	
241	30.320791245	
242	27.512758255	
243	31.295049667	
244	26.807920456	
245	24.376237869	
246	24.310789108	
247	27.722156525	
248	30.546028137	
249	29.960823059	
250	38.550632477	
251	39.637020111	
252	43.378063202	
253	45.617515564	
254	44.949119568	
255	46.771396637	
256	40.999458313	
257	42.669307709	
258	41.892387390	
259	38.835643768	
260	37.955200195	
261	36.140594482	
262	37.249504089	
263	31.013860703	
264	32.100990295	
265	32.640525818	
266	28.093662262	
267	26.851282120	
268	26.160396576	
269	30.643163681	
270	27.137044907	
271	28.302425385	
272	33.010963440	
273	31.867326736	
274	39.958415985	
275	42.788257599	
276	46.066905975	
277	43.671287537	
278	39.667068481	
279	41.768051147	
280	40.487892151	
281	42.576408386	
282	37.428691864	
283	37.329620361	
284	36.413105011	
285	34.551906586	
286	35.546535492	
287	30.023130417	
288	29.368316650	
289	27.461385727	
290	29.564355850	
291	32.706932068	
292	28.053464890	
293	31.508298874	
294	32.239646912	
295	36.118812561	
296	41.070224762	
297	44.709465027	
298	44.919487000	
299	41.072082520	
300	42.445545197	
301	43.782897949	
302	42.732852936	
303	41.639999390	
304	36.051486969	
305	37.702968597	
306	33.306930542	
307	32.631683350	
308	33.592079163	
309	32.362613678	
310	33.138614655	
311	28.570634842	
312	30.772277832	
313	33.263511658	
314	35.897510529	
315	37.990100861	
316	39.310112000	
317	44.330402374	
318	41.291088104	
319	44.936473846	
320	45.519851685	
321	39.746536255	
322	38.623764038	
323	38.603961945	
324	37.198020935	
325	32.160964966	
326	33.902969360	
327	37.639602661	
328	30.347997665	
329	31.045543671	
330	31.465347290	
331	33.536632538	
332	31.028444290	
333	31.193702698	
334	37.866786957	
335	36.692970276	
336	37.638401031	
337	39.771686554	
338	43.847793579	
339	40.466636658	
340	33.950691223	
341	39.895973206	
342	34.778930664	
343	32.906589508	
344	32.005939484	
345	32.306930542	
346	30.859104156	
347	30.011880875	
348	31.144554138	
349	30.431001663	
350	29.128713608	
351	31.208179474	
352	37.164356232	
353	38.671134949	
354	36.499008179	
355	38.356433868	
356	41.394058228	
357	38.751556396	
358	36.827724457	
359	36.522773743	
360	35.653759003	
361	30.053768158	
362	32.134654999	
363	35.344795227	
364	30.381273270	
365	28.395353317	
366	27.752475739	
367	32.992080688	
368	32.003856659	
369	32.818580627	
370	38.306735992	
371	38.359191895	
372	37.877922058	
373	36.846462250	
374	41.133110046	
375	40.128711700	
376	34.448345184	
377	36.348514557	
378	32.448364258	
379	31.176771164	
380	31.088716507	
381	31.857425690	
382	30.980197906	
383	25.864040375	
384	30.108911514	
385	29.234388351	
386	32.684185028	
387	35.714305878	
388	37.009269714	
389	40.348285675	
390	34.344474792	
391	36.234443665	
392	35.726734161	
393	33.922729492	
394	33.235645294	
395	31.653465271	
396	36.647525787	
397	29.013860703	
398	25.917385101	
399	28.513023376	
400	30.214879990	
401	29.801265717	
402	31.434709549	
403	38.779300690	
404	35.040000916	
405	34.219585419	
406	37.050228119	
407	34.426177979	
408	36.941501617	
409	30.181261063	
410	31.425743103	
411	30.777154922	
412	28.550949097	
413	30.842815399	
414	25.265527725	
415	28.984510422	
416	29.142110825	
417	32.893478394	
418	37.455154419	
419	35.700988770	
420	39.248798370	
421	34.680545807	
422	36.281188965	
423	34.512870789	
424	32.281654358	
425	31.839721680	
426	27.958587646	
427	28.340593338	
428	27.136762619	
429	27.741127014	
430	28.034898758	
431	30.699810028	
432	34.068939209	
433	34.376235962	
434	34.348514557	
435	36.900989532	
436	38.255447388	
437	34.282367706	
438	30.396631241	
439	34.826503754	
440	29.732379913	
441	27.001979828	
442	26.900989532	
443	25.794958115	
444	29.186138153	
445	28.920791626	
446	29.168315887	
447	30.461385727	
448	31.483167648	
449	33.893070221	
450	36.941673279	
451	37.269733429	
452	30.628255844	
453	30.969486237	
454	31.334653854	
455	26.138614655	
456	28.597415924	
457	23.239070892	
458	28.278749466	
459	28.879207611	
460	30.326732635	
461	34.427722931	
462	33.134304047	
463	36.010063171	
464	33.278656006	
465	32.386138916	
466	29.613281250	
467	28.714717865	
468	30.724952698	
469	24.671287537	
470	24.897853851	
471	24.701389313	
472	29.191278458	
473	32.221782684	
474	30.652923584	
475	38.421821594	
476	35.503726959	
477	32.490718842	
478	28.286741257	
479	26.467327118	
480	28.376237869	
481	22.281188965	
482	24.695049286	
483	24.477228165	
484	24.125207901	
485	26.009901047	
486	28.358415604	
487	34.659404755	
488	32.770298004	
489	33.643566132	
490	32.573276520	
491	28.931776047	
492	26.962375641	
493	22.348514557	
494	25.449504852	
495	21.324968338	
496	20.077184677	
497	23.473266602	
498	24.910890579	
499	30.495050430	
500	27.747083664	
501	31.297143936	
502	29.987009048	
503	26.356903076	
504	28.449504852	
505	29.000000000	
