0	59.000000000	
1	54.969497681	
2	51.977157593	
3	52.737838745	
4	54.814029694	
5	50.041252136	
6	51.205051422	
7	51.945308685	
8	54.687179565	
9	58.385246277	
10	62.886322021	
11	60.513435364	
12	56.951892853	
13	56.689331055	
14	58.437515259	
15	58.076190948	
16	55.579143524	
17	53.311473846	
18	53.377048492	
19	55.272106171	
20	56.934425354	
21	53.606555939	
22	51.093791962	
23	53.811473846	
24	53.456867218	
25	50.273448944	
26	52.429454803	
27	51.688526154	
28	48.950820923	
29	48.715667725	
30	46.852458954	
31	45.495162964	
32	44.573234558	
33	47.036952972	
34	47.762966156	
35	46.242675781	
36	47.636386871	
37	48.303279877	
38	46.786884308	
39	48.250469208	
40	51.287288666	
41	47.467212677	
42	44.965599060	
43	44.853668213	
44	44.865089417	
45	45.264713287	
46	44.191883087	
47	47.016391754	
48	44.557376862	
49	43.802742004	
50	44.754096985	
51	42.418033600	
52	41.203170776	
53	43.852458954	
54	43.117443085	
55	40.467079163	
56	43.516258240	
57	45.086402893	
58	40.245903015	
59	41.183956146	
60	46.803279877	
61	47.000000000	
62	44.393444061	
63	45.393444061	
64	45.114753723	
65	43.174682617	
66	44.959152222	
67	47.803413391	
68	47.245903015	
69	48.000000000	
70	49.770492554	
71	48.548107147	
72	48.068531036	
73	49.632221222	
74	50.804084778	
75	51.167560577	
76	51.730716705	
77	52.136657715	
78	49.085731506	
79	49.357028961	
80	51.509807587	
81	49.257995605	
82	49.794677734	
83	52.889816284	
84	51.498790741	
85	48.760143280	
86	48.918033600	
87	51.713115692	
88	50.269821167	
89	49.637329102	
90	50.661380768	
91	51.396800995	
92	51.847621918	
93	50.057376862	
94	49.491802216	
95	50.308116913	
96	49.885246277	
97	51.092044830	
98	52.337810516	
99	53.686779022	
100	55.435367584	
101	55.622547150	
102	56.030635834	
103	62.047569275	
104	68.250473022	
105	69.865631104	
106	70.147537231	
107	76.779899597	
108	77.230049133	
109	74.106559753	
110	71.754638672	
111	69.841308594	
112	68.098358154	
113	71.511688232	
114	70.172805786	
115	64.390350342	
116	66.991935730	
117	66.999862671	
118	61.309593201	
119	58.266460419	
120	59.281375885	
121	54.346546173	
122	52.000000000	
123	46.581966400	
124	44.880676270	
125	44.782718658	
126	44.593925476	
127	45.983203888	
128	43.303413391	
129	42.519214630	
130	44.335391998	
131	43.776943207	
132	41.147541046	
133	44.608840942	
134	47.016391754	
135	44.910640717	
136	45.245903015	
137	48.049179077	
138	48.642032623	
139	48.801399231	
140	52.311473846	
141	52.990192413	
142	51.936576843	
143	53.015991211	
144	53.618381500	
145	51.675624847	
146	54.063423157	
147	56.637866974	
148	52.936038971	
149	51.041656494	
150	54.633163452	
151	54.452297211	
152	46.013435364	
153	51.784599304	
154	54.470302582	
155	57.544879913	
156	63.719966888	
157	66.350845337	
158	68.798439026	
159	71.038833618	
160	74.613006592	
161	76.451759338	
162	76.000000000	
163	72.838218689	
164	69.150764465	
165	63.066513062	
166	62.074981689	
167	65.431472778	
168	55.721309662	
169	53.907283783	
170	52.326255798	
171	48.081966400	
172	45.973125458	
173	46.664470673	
174	49.081966400	
175	46.459690094	
176	45.000000000	
177	45.180328369	
178	42.976081848	
179	42.296962738	
180	47.524589539	
181	48.880676270	
182	47.081966400	
183	52.000000000	
184	51.374092102	
185	50.267803192	
186	51.053211212	
187	50.106555939	
188	50.516529083	
189	51.926094055	
190	51.830692291	
191	50.514377594	
192	52.953777313	
193	59.418033600	
194	60.396400452	
195	63.702232361	
196	65.589355469	
197	69.015853882	
198	71.950820923	
199	67.937248230	
200	73.220642090	
201	71.518814087	
202	65.413063049	
203	60.096210480	
204	59.566783905	
205	51.082908630	
206	47.799785614	
207	50.202766418	
208	48.081966400	
209	45.445846558	
210	48.245903015	
211	48.362670898	
212	45.546627045	
213	46.441143036	
214	49.606555939	
215	48.114753723	
216	48.459014893	
217	52.754096985	
218	51.722923279	
219	49.160575867	
220	51.297233582	
221	51.875301361	
222	49.545551300	
223	51.246303558	
224	53.932277679	
225	54.678714752	
226	57.899219513	
227	63.198600769	
228	63.357967377	
229	62.072559357	
230	64.644989014	
231	64.468017578	
232	62.819671631	
233	62.158695221	
234	61.950820923	
235	54.953777313	
236	52.040309906	
237	52.043670654	
238	48.590164185	
239	44.081966400	
240	46.065574646	
241	47.795082092	
242	47.906208038	
243	49.322628021	
244	49.000000000	
