0	54.000000000	
1	55.966682434	
2	53.387248993	
3	52.405216217	
4	56.112777710	
5	53.189456940	
6	55.535102844	
7	53.845794678	
8	55.575260162	
9	54.768527985	
10	50.002033234	
11	50.062538147	
12	52.054126740	
13	52.132884979	
14	52.171108246	
15	49.553134918	
16	51.810020447	
17	53.108425140	
18	55.410102844	
19	55.578880310	
20	53.878604889	
21	55.389598846	
22	56.166694641	
23	55.993492126	
24	55.781845093	
25	52.513324738	
26	51.605751038	
27	51.147567749	
28	50.431579590	
29	51.308486938	
30	53.232963562	
31	54.152362823	
32	56.245010376	
33	53.402725220	
34	51.296108246	
35	51.254219055	
36	50.389629364	
37	50.796749115	
38	50.980506897	
39	56.497135162	
40	52.303741455	
41	55.119949341	
42	53.789161682	
43	51.477310181	
44	53.140125275	
45	53.279979706	
46	53.334392548	
47	53.209377289	
48	53.938983917	
49	52.799907684	
50	50.729827881	
51	53.956176758	
52	52.425613403	
53	49.893669128	
54	53.713783264	
55	49.703514099	
56	52.647655487	
57	52.507549286	
58	51.958110809	
59	55.523548126	
60	53.227806091	
61	56.083190918	
62	55.779750824	
63	52.198806763	
64	55.511913300	
65	56.342533112	
66	52.306247711	
67	51.409915924	
68	53.522720337	
69	53.823493958	
70	53.062664032	
71	61.827461243	
72	62.796813965	
73	57.254978180	
74	59.928287506	
75	57.813320160	
76	59.788845062	
77	63.562862396	
78	65.662834167	
79	65.967399597	
80	66.084938049	
81	68.164581299	
82	66.554512024	
83	66.130851746	
84	67.415008545	
85	70.716690063	
86	67.847305298	
87	67.766006470	
88	70.712608337	
89	68.862174988	
90	63.983985901	
91	68.360008240	
92	69.626739502	
93	66.201805115	
94	69.539878845	
95	69.105552673	
96	67.705177307	
97	69.397483826	
98	71.211441040	
99	74.800094604	
100	74.478088379	
101	80.882766724	
102	85.921211243	
103	87.948860168	
104	91.057128906	
105	90.494026184	
106	86.297157288	
107	86.801132202	
108	89.749000549	
109	86.194313049	
110	85.649398804	
111	85.123603821	
112	81.232475281	
113	80.830238342	
114	78.763366699	
115	75.763732910	
116	68.821174622	
117	64.402610779	
118	70.879623413	
119	64.535720825	
120	61.955047607	
121	61.949287415	
122	60.994110107	
123	61.924777985	
124	60.735481262	
125	60.395198822	
126	60.242885590	
127	59.604896545	
128	58.039585114	
129	58.000000000	
130	56.985874176	
131	58.634292603	
132	60.073570251	
133	58.989189148	
134	59.316406250	
135	61.116252899	
136	59.061157227	
137	59.651702881	
138	63.290866852	
139	68.486549377	
140	67.529785156	
141	67.587356567	
142	67.915428162	
143	68.113105774	
144	71.258964539	
145	73.671752930	
146	72.393974304	
147	74.491386414	
148	74.145996094	
149	75.099731445	
150	75.559020996	
151	78.499023438	
152	79.766624451	
153	75.386741638	
154	82.012710571	
155	88.761848450	
156	91.806938171	
157	92.730957031	
158	93.349960327	
159	95.082855225	
160	95.145271301	
161	94.257743835	
162	88.094001770	
163	87.505004883	
164	85.961967468	
165	82.724227905	
166	76.408500671	
167	70.977600098	
168	69.877227783	
169	63.560039520	
170	61.257995605	
171	62.045093536	
172	59.226360321	
173	61.323249817	
174	64.455673218	
175	64.179946899	
176	62.674324036	
177	61.295787811	
178	61.574974060	
179	62.889606476	
180	63.780559540	
181	68.507995605	
182	70.999603271	
183	68.474960327	
184	73.147407532	
185	74.236518860	
186	72.657371521	
187	77.482070923	
188	74.318649292	
189	72.884460449	
190	75.091728210	
191	78.422103882	
192	79.487548828	
193	81.447151184	
194	83.309219360	
195	85.024253845	
196	85.638580322	
197	89.053443909	
198	90.746162415	
199	90.111587524	
200	87.350471497	
201	85.267929077	
202	80.942909241	
203	75.306549072	
204	73.808334351	
205	71.778846741	
206	69.467720032	
207	68.073570251	
208	67.674720764	
209	63.900096893	
210	65.228012085	
211	61.874908447	
212	64.586532593	
213	61.734973907	
214	66.946876526	
215	67.730705261	
216	65.322441101	
217	71.150047302	
218	76.815269470	
219	75.131965637	
220	74.647056580	
221	72.257331848	
222	71.098648071	
223	70.348518372	
224	77.318931580	
225	80.009948730	
226	81.685874939	
227	88.478591919	
228	89.376518250	
229	90.970443726	
230	90.710006714	
231	89.838607788	
232	82.011955261	
233	78.432136536	
234	77.926971436	
235	74.155998230	
236	70.931716919	
237	72.726257324	
238	70.881431580	
239	64.987777710	
240	63.900558472	
241	66.110534668	
242	66.930480957	
243	66.163375854	
244	71.208808899	
245	73.139678955	
246	69.962066650	
247	70.301185608	
248	72.576118469	
249	72.095222473	
250	73.881004333	
251	78.000000000	
