0	23.000000000	
1	30.437469482	
2	24.430303574	
3	26.331165314	
4	26.279273987	
5	26.649116516	
6	30.094362259	
7	24.287220001	
8	29.311187744	
9	22.493553162	
10	25.777778625	
11	23.534320831	
12	26.236364365	
13	26.372774124	
14	23.372333527	
15	27.787878036	
16	21.275056839	
17	29.862180710	
18	23.812892914	
19	23.916440964	
20	20.901029587	
21	20.848484039	
22	24.709135056	
23	21.473506927	
24	28.055242538	
25	20.575757980	
26	26.254734039	
27	23.818181992	
28	25.153980255	
29	23.314291000	
30	20.056015015	
31	25.496969223	
32	18.101009369	
33	23.666666031	
34	20.466907501	
35	26.809406281	
36	23.018182755	
37	19.259582520	
38	22.521680832	
39	21.300422668	
40	25.456483841	
41	19.174354553	
42	24.999485016	
43	19.918624878	
44	22.096790314	
45	23.603305817	
46	22.987878799	
47	26.023490906	
48	22.509090424	
49	27.769697189	
50	21.151515961	
51	24.828245163	
52	22.264646530	
53	23.494659424	
54	26.236364365	
55	22.012346268	
56	25.706829071	
57	23.581304550	
58	27.410100937	
59	20.352001190	
60	23.072544098	
61	23.899299622	
62	23.605064392	
63	25.597686768	
64	19.910936356	
65	29.282827377	
66	20.448888779	
67	27.043664932	
68	25.082828522	
69	27.781818390	
70	30.808080673	
71	27.723232269	
72	33.079010010	
73	32.020202637	
74	36.404041290	
75	36.505970001	
76	42.210533142	
77	46.373828888	
78	52.567310333	
79	59.477191925	
80	59.204368591	
81	67.620162964	
82	59.291355133	
83	63.442642212	
84	61.878898621	
85	61.003059387	
86	58.073226929	
87	53.666667938	
88	55.955554962	
89	47.157577515	
90	50.595043182	
91	41.569698334	
92	41.650505066	
93	41.277210236	
94	40.346492767	
95	37.888889313	
96	32.721210480	
97	38.211738586	
98	28.816162109	
99	31.559999466	
100	26.848995209	
101	27.511110306	
102	26.314710617	
103	23.721534729	
104	25.140377045	
105	18.848484039	
106	26.245306015	
107	19.549571991	
108	23.527273178	
109	20.890909195	
110	19.654321671	
111	20.642681122	
112	15.994996071	
113	23.737373352	
114	14.533333778	
115	21.889602661	
116	18.365293503	
117	19.981817245	
118	20.234266281	
119	17.702606201	
120	19.363636017	
121	17.444444656	
122	21.828283310	
123	19.472726822	
124	21.876768112	
125	21.565656662	
126	23.277355194	
127	24.586544037	
128	21.437681198	
129	23.669862747	
130	15.711050034	
131	26.743867874	
132	23.062221527	
133	27.927272797	
134	30.604963303	
135	32.884296417	
136	40.329292297	
137	42.215042114	
138	49.585639954	
139	46.841938019	
140	53.480766296	
141	51.313755035	
142	52.287437439	
143	52.016788483	
144	45.644958496	
145	45.826957703	
146	38.076824188	
147	45.985088348	
148	35.264644623	
149	34.064647675	
150	31.902662277	
151	29.773736954	
152	28.363636017	
153	19.654544830	
154	25.888889313	
155	20.323232651	
156	24.993242264	
157	17.081403732	
158	17.883472443	
159	20.248485565	
160	17.968269348	
161	23.210289001	
162	16.007934570	
163	21.417892456	
164	15.642183304	
165	20.222221375	
166	18.652524948	
167	17.101009369	
168	18.434196472	
169	16.493789673	
170	23.701051712	
171	18.959009171	
172	26.236364365	
173	19.830303192	
174	22.133333206	
175	25.692583084	
176	28.384691238	
177	34.686538696	
178	31.700139999	
179	43.085578918	
180	39.239669800	
181	44.374099731	
182	42.426261902	
183	40.633571625	
184	38.855163574	
185	33.090908051	
186	37.406059265	
187	27.879507065	
188	31.450504303	
189	25.289587021	
190	25.038057327	
191	22.255407333	
192	20.293149948	
193	25.688011169	
194	18.728321075	
195	21.701560974	
196	16.823818207	
197	18.169696808	
198	17.799999237	
199	18.824241638	
200	19.220182419	
201	18.552469254	
202	22.137695312	
203	15.098989487	
204	21.820789337	
205	16.878787994	
206	19.913131714	
207	20.545454025	
208	23.111217499	
209	30.400493622	
210	30.393020630	
211	34.729572296	
212	35.705181122	
213	43.305820465	
214	41.481117249	
215	42.030303955	
216	40.890907288	
217	35.577701569	
218	37.168060303	
219	28.324371338	
220	32.197532654	
221	21.575757980	
222	24.424242020	
223	23.327272415	
224	20.887056351	
225	22.190082550	
226	18.076766968	
227	24.151165009	
228	15.949348450	
229	21.131811142	
230	18.797979355	
231	19.982221603	
232	20.548927307	
233	19.581817627	
234	24.527273178	
235	17.909090042	
236	28.036363602	
237	27.026483536	
238	33.163314819	
239	37.784008026	
240	40.242424011	
241	41.062385559	
242	38.822223663	
243	46.909420013	
244	31.966754913	
245	39.696968079	
246	30.888853073	
247	31.502801895	
248	30.852754593	
249	25.686904907	
250	26.519538879	
251	16.441326141	
252	24.472396851	
253	18.705678940	
254	22.470706940	
255	21.615243912	
256	20.235748291	
257	19.925252914	
258	18.784059525	
259	23.411031723	
260	18.712886810	
261	22.397024155	
262	23.788457870	
263	28.712564468	
264	32.466667175	
265	35.318843842	
266	37.202766418	
267	29.909090042	
268	39.899341583	
269	32.535717010	
270	34.371902466	
271	29.202020645	
272	26.548225403	
273	25.011606216	
274	21.949928284	
275	28.679012299	
276	20.841653824	
277	24.579797745	
278	18.210256577	
279	21.125289917	
280	20.632282257	
281	20.345455170	
282	23.854545593	
283	18.111110687	
284	23.117172241	
285	20.969696045	
286	29.666666031	
287	31.666879654	
288	36.626777649	
289	39.298988342	
290	36.863891602	
291	41.612121582	
292	34.068687439	
293	37.164688110	
294	27.433498383	
295	29.466686249	
296	26.684848785	
297	23.200000763	
298	22.977777481	
299	18.537374496	
300	26.212121964	
301	19.931798935	
302	24.621994019	
303	20.356914520	
304	21.298990250	
305	22.472400665	
306	22.690908432	
307	30.725252151	
308	29.200000763	
309	39.342552185	
310	35.090908051	
311	39.397979736	
312	37.547767639	
313	37.068687439	
314	35.636726379	
315	28.016529083	
316	32.570255280	
317	25.351898193	
318	28.527273178	
319	21.851358414	
320	23.684011459	
321	23.011423111	
322	21.191919327	
323	25.844444275	
324	17.727272034	
325	26.494949341	
326	22.899255753	
327	27.331607819	
328	27.995960236	
329	30.896968842	
330	33.777778625	
331	31.470706940	
332	36.452816010	
333	30.464794159	
334	32.256565094	
335	25.979084015	
336	27.657999039	
337	25.351514816	
338	23.169696808	
339	27.716547012	
340	17.997653961	
341	23.873086929	
342	18.981487274	
343	25.477056503	
344	23.135353088	
345	24.642791748	
346	28.213104248	
347	27.577548981	
348	34.060127258	
349	27.563522339	
350	33.202018738	
351	28.036363602	
352	30.383209229	
353	27.571716309	
354	24.679485321	
355	26.323232651	
356	19.744968414	
357	23.955335617	
358	17.067567825	
359	23.158845901	
360	20.024793625	
361	20.892929077	
362	21.970264435	
363	21.200000763	
364	28.888889313	
365	24.101009369	
366	28.484848022	
367	27.766710281	
368	29.625373840	
369	26.877355576	
370	27.910518646	
371	29.955554962	
372	22.751001358	
373	27.820201874	
374	21.288888931	
375	25.606060028	
376	20.711433411	
377	21.721290588	
378	21.163637161	
379	19.646465302	
380	25.272727966	
381	20.488851547	
382	30.651100159	
383	27.913131714	
384	31.751514435	
385	29.555555344	
386	28.865560532	
387	29.408594131	
388	24.149494171	
389	29.667528152	
390	22.484848022	
391	26.722196579	
392	20.802021027	
393	20.380092621	
394	21.002445221	
395	21.222221375	
396	24.159999847	
397	20.820095062	
398	30.820201874	
399	27.853590012	
400	35.163555145	
401	33.718154907	
402	32.284847260	
403	30.242073059	
404	24.922502518	
405	26.685951233	
406	19.250505447	
407	25.933332443	
408	20.058916092	
409	22.409603119	
410	21.738393784	
411	20.200000763	
412	22.977994919	
413	21.217737198	
414	30.907108307	
415	27.717172623	
416	34.430301666	
417	31.357576370	
418	30.220247269	
419	30.207647324	
420	26.242424011	
421	28.345226288	
422	18.282772064	
423	26.697189331	
424	22.753536224	
425	24.253545761	
426	22.821376801	
427	22.762578964	
428	26.397199631	
429	26.066667557	
430	32.569534302	
431	28.829029083	
432	32.675041199	
433	28.259611130	
434	29.088268280	
435	28.011938095	
436	23.250019073	
437	26.820201874	
438	20.158090591	
439	25.440645218	
440	18.802469254	
441	20.927272797	
442	20.850215912	
443	24.663145065	
444	30.682790756	
445	29.174369812	
446	35.982852936	
447	27.833572388	
448	31.751514435	
449	27.122310638	
450	27.000000000	
451	24.600000381	
452	19.256565094	
453	20.872726440	
454	14.718575478	
455	23.341495514	
456	20.002607346	
457	25.382720947	
458	25.396984100	
459	28.148429871	
460	31.383838654	
461	27.386098862	
462	32.262222290	
463	23.679567337	
464	25.980047226	
465	20.722681046	
466	22.437522888	
467	19.173940659	
468	17.618181229	
469	21.996335983	
470	18.595958710	
471	28.382516861	
472	25.618181229	
473	32.111110687	
474	30.378915787	
475	30.363534927	
476	30.689231873	
477	19.607603073	
478	23.240404129	
479	16.218492508	
480	23.430669785	
481	17.681425095	
482	20.418182373	
483	21.910779953	
484	23.111604691	
485	27.909601212	
486	24.925951004	
487	35.969619751	
488	24.871057510	
489	28.126428604	
490	23.252525330	
491	19.813655853	
492	17.920770645	
493	16.197978973	
494	19.482828140	
495	19.000000000	
