0	40.000000000	
1	40.850173950	
2	38.557376862	
3	41.614753723	
4	42.000000000	
5	36.082099915	
6	40.696586609	
7	40.060066223	
8	39.648212433	
9	41.067321777	
10	38.065574646	
11	36.803951263	
12	35.837139130	
13	43.391426086	
14	41.409297943	
15	34.151168823	
16	37.931739807	
17	39.688526154	
18	40.377048492	
19	41.854072571	
20	40.292930603	
21	42.647541046	
22	39.585594177	
23	40.588417053	
24	39.620800018	
25	34.385650635	
26	38.922870636	
27	40.688526154	
28	39.338081360	
29	40.420585632	
30	40.245903015	
31	41.959014893	
32	39.475410461	
33	42.887260437	
34	43.967212677	
35	40.395053864	
36	42.088684082	
37	42.483203888	
38	37.783927917	
39	37.360656738	
40	38.384841919	
41	41.606555939	
42	38.477024078	
43	40.811473846	
44	40.247783661	
45	35.032787323	
46	38.976619720	
47	37.106555939	
48	38.065574646	
49	41.007122040	
50	41.918033600	
51	42.933349609	
52	41.688526154	
53	44.721309662	
54	45.491802216	
55	44.574172974	
56	52.360656738	
57	52.190406799	
58	54.950820923	
59	56.671192169	
60	56.081966400	
61	60.000000000	
62	56.688526154	
63	57.122951508	
64	59.375167847	
65	65.907417297	
66	68.475410461	
67	66.540985107	
68	69.439933777	
69	70.189865112	
70	69.032783508	
71	70.934425354	
72	67.642303467	
73	70.483070374	
74	71.270088196	
75	70.370864868	
76	70.428649902	
77	65.705055237	
78	68.096481323	
79	67.017601013	
80	63.490192413	
81	59.833915710	
82	50.975006104	
83	53.336067200	
84	52.275196075	
85	46.836067200	
86	49.093524933	
87	51.000000000	
88	49.754096985	
89	46.270492554	
90	43.327869415	
91	44.298442841	
92	42.585327148	
93	50.208007812	
94	51.092178345	
95	47.616096497	
96	50.362266541	
97	48.160575867	
98	49.510345459	
99	48.614753723	
100	48.561946869	
101	47.172130585	
102	42.487503052	
103	48.903251648	
104	46.831497192	
105	41.570678711	
106	44.472721100	
107	43.976619720	
108	43.147541046	
109	40.770492554	
110	42.081966400	
111	42.090164185	
112	35.245903015	
113	39.141090393	
114	39.238376617	
115	36.639343262	
116	37.426498413	
117	36.016662598	
118	38.721309662	
119	38.434425354	
120	40.351516724	
121	39.322628021	
122	33.000000000	
123	39.890487671	
124	41.119323730	
125	39.676296234	
126	41.987369537	
127	46.122817993	
128	55.253963470	
129	55.027412415	
130	55.221984863	
131	60.734748840	
132	64.115829468	
133	69.830825806	
134	70.524055481	
135	67.008598328	
136	67.677772522	
137	68.879470825	
138	66.215805054	
139	58.528350830	
140	55.023380280	
141	51.640956879	
142	44.360656738	
143	49.696720123	
144	49.384304047	
145	45.188526154	
146	44.639343262	
147	46.368850708	
148	49.439399719	
149	44.934425354	
150	43.321689606	
151	45.010749817	
152	44.157215118	
153	45.362133026	
154	41.535877228	
155	41.770626068	
156	41.795753479	
157	42.286884308	
158	39.344261169	
159	32.989654541	
160	37.000000000	
161	37.352458954	
162	32.467617035	
163	35.467212677	
164	35.000000000	
165	34.494220734	
166	36.080085754	
167	37.221309662	
168	38.751678467	
169	38.322223663	
170	47.950820923	
171	52.617443085	
172	54.271163940	
173	61.753559113	
174	61.432678223	
175	64.282722473	
176	64.737701416	
177	65.376914978	
178	68.434562683	
179	63.491802216	
180	62.229507446	
181	57.029159546	
182	49.141628265	
183	48.500000000	
184	43.299652100	
185	46.735824585	
186	45.789035797	
187	44.786884308	
188	44.459285736	
189	39.204650879	
190	42.751411438	
191	42.877719879	
192	39.032787323	
193	40.334453583	
194	38.137058258	
195	38.040447235	
196	35.344261169	
197	32.707469940	
198	36.255306244	
199	34.885246277	
200	37.785003662	
201	36.771701813	
202	32.395053864	
203	38.475410461	
204	39.515991211	
205	45.264041901	
206	50.524589539	
207	53.594463348	
208	59.414672852	
209	60.006584167	
210	63.679656982	
211	59.891426086	
212	52.038967133	
213	55.619590759	
214	54.299919128	
215	48.912925720	
216	45.838214874	
217	44.768474579	
218	43.608169556	
219	40.337947845	
220	44.415481567	
221	41.475410461	
222	37.622951508	
223	40.304489136	
224	36.260143280	
225	36.311340332	
226	33.107765198	
227	35.311473846	
228	34.704917908	
229	29.270492554	
230	34.169578552	
231	33.885246277	
232	32.738243103	
233	38.084922791	
234	42.000000000	
235	47.408088684	
236	47.943294525	
237	49.191211700	
238	52.400966644	
239	48.098361969	
240	53.883365631	
241	52.698738098	
242	47.983608246	
243	47.221309662	
244	45.000000000	
