0	42.000000000	
1	48.087287903	
2	46.522670746	
3	43.960136414	
4	43.766998291	
5	43.971157074	
6	43.840549469	
7	41.197452545	
8	43.239715576	
9	41.857814789	
10	42.879299164	
11	44.790740967	
12	41.592544556	
13	45.398330688	
14	41.395011902	
15	42.294116974	
16	45.557266235	
17	40.932361603	
18	46.352939606	
19	41.435321808	
20	42.671726227	
21	41.921493530	
22	39.633777618	
23	46.443599701	
24	38.505775452	
25	39.611061096	
26	42.177764893	
27	42.180267334	
28	41.039417267	
29	36.614799500	
30	40.979125977	
31	39.114185333	
32	37.964626312	
33	38.707313538	
34	33.265350342	
35	40.304153442	
36	35.077800751	
37	37.972930908	
38	39.053771973	
39	37.025203705	
40	36.814041138	
41	35.187854767	
42	34.401306152	
43	35.324462891	
44	37.944484711	
45	38.109500885	
46	34.169078827	
47	40.408699036	
48	35.053131104	
49	35.508163452	
50	35.121440887	
51	33.068679810	
52	37.288093567	
53	33.409030914	
54	34.351043701	
55	33.043003082	
56	33.557876587	
57	37.082996368	
58	32.676689148	
59	35.522907257	
60	34.525753021	
61	33.179161072	
62	33.692043304	
63	33.067073822	
64	37.741111755	
65	35.785594940	
66	36.810245514	
67	37.138519287	
68	38.143600464	
69	43.328273773	
70	39.753318787	
71	39.228393555	
72	38.750232697	
73	40.373115540	
74	42.673503876	
75	40.470588684	
76	46.823528290	
77	44.613323212	
78	45.036052704	
79	47.637016296	
80	48.705848694	
81	51.394561768	
82	43.359287262	
83	47.135688782	
84	48.730457306	
85	48.962539673	
86	51.250473022	
87	47.113853455	
88	50.821773529	
89	51.713474274	
90	50.243206024	
91	49.092620850	
92	48.129032135	
93	51.750865936	
94	48.001461029	
95	49.596984863	
96	51.463428497	
97	53.207286835	
98	58.661437988	
99	56.175460815	
100	59.929790497	
101	63.343181610	
102	67.838706970	
103	70.335670471	
104	70.656166077	
105	76.502082825	
106	73.406524658	
107	74.073120117	
108	70.627113342	
109	68.153793335	
110	68.512535095	
111	66.395256042	
112	65.015045166	
113	62.864414215	
114	60.973133087	
115	63.634910583	
116	55.126571655	
117	53.830951691	
118	48.901603699	
119	46.903224945	
120	44.492263794	
121	40.250473022	
122	40.330799103	
123	35.870967865	
124	36.498268127	
125	36.251022339	
126	34.256904602	
127	36.316886902	
128	31.618595123	
129	32.635673523	
130	32.886203766	
131	33.158916473	
132	34.788055420	
133	30.804553986	
134	33.848197937	
135	33.568065643	
136	35.967742920	
137	37.918407440	
138	37.447933197	
139	41.990512848	
140	38.395999908	
141	41.331626892	
142	40.963092804	
143	41.557197571	
144	47.088211060	
145	42.177368164	
146	45.165084839	
147	45.897533417	
148	45.802181244	
149	45.582542419	
150	46.313140869	
151	52.535724640	
152	47.726757050	
153	51.225807190	
154	57.423362732	
155	60.941177368	
156	64.015090942	
157	65.234222412	
158	70.240051270	
159	70.183380127	
160	67.514228821	
161	67.690757751	
162	63.043895721	
163	61.946868896	
164	56.821632385	
165	55.842506409	
166	51.969608307	
167	44.528079987	
168	47.049709320	
169	40.842742920	
170	39.967742920	
171	36.174571991	
172	33.191650391	
173	36.428245544	
174	32.708789825	
175	37.180267334	
176	36.838897705	
177	35.744930267	
178	34.670455933	
179	30.916507721	
180	34.684394836	
181	33.425048828	
182	37.554798126	
183	40.770397186	
184	40.683113098	
185	42.779884338	
186	38.944637299	
187	43.627471924	
188	41.936721802	
189	43.821632385	
190	46.425048828	
191	44.392787933	
192	49.918407440	
193	51.402278900	
194	55.470588684	
195	58.212524414	
196	56.384899139	
197	57.976928711	
198	58.767196655	
199	58.398448944	
200	54.709339142	
201	52.440227509	
202	53.105182648	
203	43.389114380	
204	44.935482025	
205	38.643478394	
206	37.626567841	
207	40.941177368	
208	35.506641388	
209	38.254268646	
210	31.442489624	
211	32.958255768	
212	35.668014526	
213	34.804553986	
214	35.624034882	
215	35.809886932	
216	39.831119537	
217	37.833911896	
218	38.336948395	
219	43.252372742	
220	38.912349701	
221	42.409988403	
222	44.587406158	
223	46.721061707	
224	47.484958649	
225	48.551601410	
226	57.651206970	
227	54.485767365	
228	57.210624695	
229	57.965850830	
230	56.749111176	
231	56.920299530	
232	52.284938812	
233	54.966041565	
234	48.581867218	
235	42.605911255	
236	41.976119995	
237	39.196640015	
238	42.547348022	
239	35.630073547	
240	35.789375305	
241	37.089992523	
242	36.106258392	
243	40.484634399	
244	41.832336426	
245	40.544845581	
246	40.468894958	
247	42.792297363	
248	45.868511200	
249	41.738140106	
250	48.999710083	
251	49.962047577	
252	52.024669647	
253	55.696571350	
254	57.468414307	
255	60.136318207	
256	60.956447601	
257	59.962959290	
258	56.673625946	
259	53.322776794	
260	50.168651581	
261	44.101612091	
262	48.563571930	
263	42.548809052	
264	40.264812469	
265	40.635669708	
266	34.114704132	
267	39.334197998	
268	35.280868530	
269	37.021392822	
270	40.141403198	
271	40.658355713	
272	43.716960907	
273	42.858238220	
274	44.481971741	
275	46.933799744	
276	49.066413879	
277	52.333965302	
278	54.284629822	
279	58.948097229	
280	58.698291779	
281	59.912712097	
282	58.554080963	
283	51.844402313	
284	55.238708496	
285	47.727699280	
286	45.015991211	
287	41.633777618	
288	38.590038300	
289	40.452651978	
290	37.215122223	
291	40.200351715	
292	39.268150330	
293	39.381404877	
294	40.236598969	
295	36.793167114	
296	43.358634949	
297	40.392047882	
298	44.301700592	
299	50.187854767	
300	52.191463470	
301	55.330036163	
302	56.313987732	
303	60.135536194	
304	57.819007874	
305	53.096775055	
306	50.548385620	
307	46.366222382	
308	50.430740356	
309	44.162193298	
310	41.764705658	
311	43.452850342	
312	40.527515411	
313	40.497154236	
314	40.007678986	
315	41.123256683	
316	42.798812866	
317	42.607574463	
318	46.643264771	
319	43.492225647	
320	50.033638000	
321	54.861289978	
322	58.366008759	
323	58.701351166	
324	54.155597687	
325	57.456947327	
326	52.910678864	
327	51.940296173	
328	49.100570679	
329	44.529293060	
330	44.509445190	
331	40.389892578	
332	41.654907227	
333	41.374729156	
334	41.165084839	
335	43.574783325	
336	41.244380951	
337	44.856628418	
338	41.814277649	
339	44.590286255	
340	50.829345703	
341	51.937717438	
342	55.199241638	
343	54.586299896	
344	54.926918030	
345	51.918865204	
346	48.508537292	
347	49.592029572	
348	43.149906158	
349	43.019287109	
350	43.169681549	
351	43.020687103	
352	40.890693665	
353	36.214420319	
354	40.943073273	
355	40.089069366	
356	42.234649658	
357	45.483871460	
358	45.924987793	
359	50.607585907	
360	48.489562988	
361	49.170745850	
362	47.359088898	
363	48.856029510	
364	51.580646515	
365	45.210121155	
366	46.603523254	
367	43.643329620	
368	41.521820068	
369	40.994628906	
370	38.962047577	
371	40.137527466	
372	41.065742493	
373	41.068099976	
374	41.290321350	
375	43.071338654	
376	48.951942444	
377	46.369972229	
378	48.497154236	
379	48.690227509	
380	50.785579681	
381	52.467292786	
382	42.631877899	
383	46.103393555	
384	41.953781128	
385	40.403320312	
386	39.958255768	
387	38.889942169	
388	41.920303345	
389	38.277156830	
390	40.333965302	
391	40.193550110	
392	41.095577240	
393	47.284149170	
394	45.698291779	
395	49.891841888	
396	49.918880463	
397	50.351100922	
398	48.859516144	
399	43.201137543	
400	45.121440887	
401	42.970798492	
402	42.830318451	
403	40.588233948	
404	38.479091644	
405	40.958900452	
406	38.228179932	
407	42.394412994	
408	42.176898956	
409	41.628639221	
410	47.848705292	
411	47.967742920	
412	50.788982391	
413	47.341480255	
414	46.727615356	
415	46.638923645	
416	42.285369873	
417	43.415561676	
418	40.812641144	
419	40.588233948	
420	38.207149506	
421	38.658596039	
422	42.454841614	
423	39.142505646	
424	42.290321350	
425	42.483871460	
426	44.912712097	
427	48.075038910	
428	46.736747742	
429	49.763206482	
430	42.477722168	
431	41.420822144	
432	42.024669647	
433	40.345352173	
434	41.705883026	
435	38.723751068	
436	42.692600250	
437	39.588233948	
438	36.510833740	
439	41.235107422	
440	41.228874207	
441	45.688774109	
442	47.271591187	
443	52.398387909	
444	51.132343292	
445	43.924686432	
446	46.448829651	
447	42.478179932	
448	40.129032135	
449	38.175071716	
450	38.982921600	
451	40.050003052	
452	30.027051926	
453	36.628082275	
454	40.989364624	
455	42.043643951	
456	44.471275330	
457	45.830024719	
458	47.703811646	
459	42.351715088	
460	40.569259644	
461	39.413661957	
462	38.500961304	
463	41.638645172	
464	35.309955597	
465	35.359863281	
466	35.327167511	
467	37.462997437	
468	41.110057831	
469	38.553348541	
470	45.737648010	
471	42.857685089	
472	43.216293335	
473	42.132980347	
474	39.535102844	
475	41.751422882	
476	37.354839325	
477	34.333965302	
478	33.149154663	
479	32.453617096	
480	36.370018005	
481	35.440227509	
482	40.513675690	
483	41.091079712	
484	43.037956238	
485	45.296939850	
486	42.236820221	
487	44.473178864	
488	38.985893250	
489	36.810245514	
490	34.921695709	
491	32.865276337	
492	36.195720673	
493	33.503643036	
494	37.280990601	
495	39.028461456	
496	41.529411316	
497	45.708305359	
498	42.605022430	
499	44.702953339	
500	39.475845337	
501	37.473175049	
502	35.273353577	
503	32.699268341	
504	33.940750122	
505	32.916156769	
506	33.076606750	
507	33.589477539	
508	37.013282776	
509	41.673625946	
510	39.677417755	
511	42.041099548	
512	39.474384308	
513	37.641258240	
514	36.379505157	
515	31.436431885	
516	32.233398438	
517	27.683525085	
518	30.971666336	
519	32.122085571	
520	34.350013733	
521	37.349205017	
522	33.696395874	
523	38.412475586	
524	35.806407928	
525	33.888244629	
526	33.931690216	
527	30.000000000	
