0	42.000000000	
1	47.747070312	
2	42.851287842	
3	44.008613586	
4	38.156227112	
5	43.346172333	
6	40.765377045	
7	43.133094788	
8	41.093898773	
9	43.952308655	
10	40.231685638	
11	38.794265747	
12	36.518795013	
13	40.750431061	
14	37.432258606	
15	44.538497925	
16	39.625427246	
17	43.772361755	
18	36.267097473	
19	39.377414703	
20	34.941974640	
21	41.749912262	
22	39.348339081	
23	41.377857208	
24	40.990814209	
25	42.466705322	
26	40.480442047	
27	41.913124084	
28	37.953907013	
29	38.096363068	
30	39.211372375	
31	40.105846405	
32	38.426620483	
33	42.204807281	
34	39.908340454	
35	39.708068848	
36	37.342311859	
37	41.104984283	
38	36.653129578	
39	42.622756958	
40	37.380626678	
41	40.925743103	
42	39.854274750	
43	39.742507935	
44	35.677387238	
45	38.847381592	
46	38.943054199	
47	40.036445618	
48	37.640090942	
49	38.660591125	
50	37.366741180	
51	37.954441071	
52	36.229045868	
53	39.946578979	
54	39.297180176	
55	41.391998291	
56	39.196407318	
57	41.922256470	
58	40.215984344	
59	40.829650879	
60	36.121673584	
61	35.814662933	
62	37.305316925	
63	38.533386230	
64	39.576625824	
65	39.915843964	
66	37.925373077	
67	38.922580719	
68	39.985485077	
69	38.556995392	
70	39.016437531	
71	41.050937653	
72	42.255451202	
73	44.453899384	
74	45.189140320	
75	46.698524475	
76	47.106391907	
77	46.559467316	
78	46.259483337	
79	45.760932922	
80	49.524871826	
81	50.097949982	
82	51.592407227	
83	51.311073303	
84	51.880283356	
85	55.087036133	
86	57.370025635	
87	57.705631256	
88	61.336631775	
89	61.618190765	
90	62.348026276	
91	64.671127319	
92	66.168640137	
93	70.709281921	
94	78.294128418	
95	75.000480652	
96	72.506561279	
97	70.271812439	
98	70.060935974	
99	66.584297180	
100	64.282302856	
101	58.418251038	
102	54.811405182	
103	48.100227356	
104	49.991043091	
105	44.041271210	
106	44.968109131	
107	37.367370605	
108	37.263561249	
109	34.959091187	
110	37.508708954	
111	32.342334747	
112	36.644401550	
113	29.049407959	
114	34.714168549	
115	29.816984177	
116	31.791719437	
117	30.991271973	
118	31.519580841	
119	28.419794083	
120	27.179767609	
121	30.139688492	
122	27.042444229	
123	28.904773712	
124	30.719055176	
125	29.920127869	
126	31.361625671	
127	28.292610168	
128	33.314727783	
129	27.889970779	
130	35.333156586	
131	30.082197189	
132	37.577037811	
133	29.719205856	
134	37.332824707	
135	31.883945465	
136	35.825054169	
137	36.405597687	
138	41.082595825	
139	38.242424011	
140	40.054481506	
141	40.456928253	
142	47.983650208	
143	47.019561768	
144	48.572875977	
145	53.065090179	
146	60.780967712	
147	58.750297546	
148	64.317367554	
149	64.061698914	
150	66.063888550	
151	59.072856903	
152	63.706016541	
153	51.931568146	
154	55.811069489	
155	43.188213348	
156	46.493694305	
157	31.354476929	
158	34.075626373	
159	32.093833923	
160	33.211242676	
161	29.519285202	
162	31.667053223	
163	25.924274445	
164	28.114496231	
165	26.632110596	
166	30.161457062	
167	24.527503967	
168	30.652233124	
169	25.611480713	
170	29.892456055	
171	25.804540634	
172	27.174692154	
173	26.304798126	
174	27.762895584	
175	28.884382248	
176	30.731544495	
177	33.737895966	
178	34.474803925	
179	36.762977600	
180	37.126949310	
181	34.986282349	
182	38.110683441	
183	38.382179260	
184	47.418251038	
185	48.148651123	
186	57.035106659	
187	55.564884186	
188	59.691612244	
189	55.248146057	
190	54.975139618	
191	47.549617767	
192	46.951309204	
193	39.621334076	
194	38.448074341	
195	35.037509918	
196	32.028175354	
197	29.724031448	
198	29.518718719	
199	26.689685822	
200	27.533029556	
201	26.193222046	
202	27.336248398	
203	26.712284088	
204	26.783988953	
205	23.848148346	
206	24.632608414	
207	22.421604156	
208	26.073287964	
209	26.820983887	
210	29.450666428	
211	30.878004074	
212	33.692253113	
213	35.000408173	
214	37.464302063	
215	42.074645996	
216	44.356967926	
217	47.726200104	
218	52.556243896	
219	55.775970459	
220	56.438903809	
221	53.585296631	
222	51.422515869	
223	48.936042786	
224	44.420780182	
225	38.337673187	
226	33.650890350	
227	34.419857025	
228	31.947608948	
229	29.644765854	
230	26.015903473	
231	26.891283035	
232	26.377836227	
233	27.590137482	
234	27.770673752	
235	27.193788528	
236	24.163833618	
237	25.850172043	
238	27.984733582	
239	30.052167892	
240	30.360832214	
241	34.428939819	
242	36.916179657	
243	39.961582184	
244	41.485755920	
245	46.524375916	
246	48.296150208	
247	54.202022552	
248	55.662227631	
249	54.032684326	
250	48.716060638	
251	42.803066254	
252	39.425979614	
253	37.125953674	
254	33.863327026	
255	34.974891663	
256	30.000000000	
257	29.025056839	
258	27.184511185	
259	29.619590759	
260	25.036613464	
261	24.432392120	
262	23.613523483	
263	27.304849625	
264	23.240741730	
265	29.472751617	
266	29.244104385	
267	32.731044769	
268	33.551368713	
269	38.374794006	
270	38.797267914	
271	47.396102905	
272	44.847381592	
273	48.491024017	
274	39.600799561	
275	44.980815887	
276	37.792709351	
277	39.343585968	
278	31.535385132	
279	36.233551025	
280	27.906948090	
281	34.387924194	
282	23.887018204	
283	29.746099472	
284	23.916376114	
285	28.174432755	
286	22.916704178	
287	28.636743546	
288	25.000602722	
289	29.386175156	
290	30.825275421	
291	29.524208069	
292	34.494522095	
293	38.727844238	
294	41.500484467	
295	43.712238312	
296	40.698200226	
297	41.362590790	
298	31.943561554	
299	35.752388000	
300	31.120246887	
301	33.390975952	
302	27.092683792	
303	28.419134140	
304	21.159053802	
305	29.212276459	
306	26.621187210	
307	26.961177826	
308	24.404075623	
309	22.378089905	
310	27.334083557	
311	30.526512146	
312	28.074123383	
313	34.870441437	
314	34.520664215	
315	42.594081879	
316	38.903423309	
317	42.207241058	
318	33.918338776	
319	37.267162323	
320	33.567337036	
321	35.000572205	
322	31.612684250	
323	32.301380157	
324	30.205804825	
325	30.199474335	
326	28.326616287	
327	27.272192001	
328	25.792907715	
329	27.706176758	
330	27.694496155	
331	29.752305984	
332	32.485511780	
333	32.968944550	
334	34.234622955	
335	43.301773071	
336	40.965385437	
337	43.543640137	
338	36.739253998	
339	38.160289764	
340	33.855983734	
341	33.463691711	
342	28.211559296	
343	29.047836304	
344	28.735763550	
345	27.897493362	
346	24.387414932	
347	25.895215988	
348	27.043279648	
349	30.288370132	
350	29.662227631	
351	31.503940582	
352	34.607166290	
353	40.402801514	
354	39.536418915	
355	40.311191559	
356	39.857856750	
357	40.063480377	
358	36.981399536	
359	35.269897461	
360	31.660306931	
361	31.738128662	
362	30.164148331	
363	28.933805466	
364	27.448825836	
365	26.985378265	
366	27.097021103	
367	26.763004303	
368	28.800582886	
369	30.654603958	
370	33.497211456	
371	35.462184906	
372	36.587669373	
373	35.846836090	
374	34.840503693	
375	32.703224182	
376	31.484909058	
377	29.689369202	
378	29.968109131	
379	27.570077896	
380	27.219171524	
381	23.798646927	
382	22.425968170	
383	21.397029877	
384	23.433938980	
385	27.929344177	
386	33.010612488	
387	33.987743378	
388	38.570400238	
389	37.237255096	
390	37.165130615	
391	33.984054565	
392	34.404319763	
393	31.943052292	
394	32.518455505	
395	29.890661240	
396	29.516788483	
397	25.716558456	
398	26.658111572	
399	25.420457840	
400	26.898189545	
401	26.246641159	
402	26.349950790	
403	31.634767532	
404	33.905044556	
405	33.549575806	
406	33.483985901	
407	29.860721588	
408	34.314121246	
409	27.033737183	
410	35.229747772	
411	25.071008682	
412	33.957679749	
413	23.252769470	
414	27.817440033	
415	23.077480316	
416	28.291847229	
417	26.313680649	
418	26.992698669	
419	32.681098938	
420	32.643802643	
421	34.675521851	
422	35.398227692	
423	30.745363235	
424	31.478811264	
425	28.783283234	
426	32.254585266	
427	25.456695557	
428	30.009620667	
429	24.578977585	
430	33.033912659	
431	21.786640167	
432	29.770746231	
433	26.115892410	
434	32.734954834	
435	30.894775391	
436	36.111579895	
437	31.204347610	
438	29.749429703	
439	29.000000000	
