0	33.000000000	
1	31.091699600	
2	31.501884460	
3	29.720132828	
4	27.755100250	
5	27.464834213	
6	28.907077789	
7	27.751554489	
8	29.216197968	
9	29.084554672	
10	28.896850586	
11	28.108091354	
12	29.154094696	
13	28.921901703	
14	27.749969482	
15	30.309085846	
16	30.526626587	
17	25.783130646	
18	29.956079483	
19	30.355417252	
20	26.156023026	
21	27.290456772	
22	31.970954895	
23	29.348546982	
24	25.270484924	
25	29.925827026	
26	32.183624268	
27	30.698196411	
28	27.900638580	
29	28.916547775	
30	29.420291901	
31	27.722541809	
32	29.842288971	
33	29.804876328	
34	29.415712357	
35	29.743186951	
36	32.649421692	
37	32.303367615	
38	27.776674271	
39	28.810626984	
40	30.786832809	
41	28.176082611	
42	32.261875153	
43	34.639160156	
44	30.035312653	
45	30.317039490	
46	31.649402618	
47	29.115716934	
48	29.518775940	
49	28.279661179	
50	32.466915131	
51	30.284069061	
52	32.180576324	
53	39.370311737	
54	30.372600555	
55	29.338630676	
56	32.850139618	
57	33.129768372	
58	29.592912674	
59	33.433395386	
60	36.011054993	
61	29.582962036	
62	27.313699722	
63	35.610992432	
64	33.951568604	
65	34.531463623	
66	35.750625610	
67	37.259346008	
68	37.041492462	
69	38.398342133	
70	48.186721802	
71	46.639003754	
72	48.640331268	
73	52.419086456	
74	54.196105957	
75	54.718498230	
76	61.068508148	
77	68.046936035	
78	65.792190552	
79	65.011222839	
80	67.343902588	
81	64.072105408	
82	62.965667725	
83	66.360000610	
84	66.381126404	
85	61.843132019	
86	60.996868134	
87	59.113601685	
88	55.043697357	
89	51.925312042	
90	50.332725525	
91	48.269710541	
92	45.701244354	
93	46.793151855	
94	49.879669189	
95	46.933609009	
96	44.805084229	
97	46.421394348	
98	44.689624786	
99	42.751037598	
100	45.842357635	
101	48.274288177	
102	44.355022430	
103	43.749195099	
104	44.136981964	
105	41.593238831	
106	39.562732697	
107	41.165424347	
108	38.713813782	
109	36.420879364	
110	36.693943024	
111	37.352661133	
112	37.233467102	
113	34.933883667	
114	38.914947510	
115	37.287014008	
116	33.004150391	
117	34.546031952	
118	32.337821960	
119	31.434961319	
120	34.046936035	
121	37.715156555	
122	38.896732330	
123	34.952255249	
124	34.813018799	
125	37.906887054	
126	36.401767731	
127	33.521976471	
128	34.757217407	
129	35.409961700	
130	31.759353638	
131	37.064979553	
132	41.975070953	
133	40.757648468	
134	45.900447845	
135	45.812656403	
136	51.929649353	
137	57.441471100	
138	63.959075928	
139	71.482498169	
140	64.885261536	
141	68.634681702	
142	72.106521606	
143	66.458892822	
144	60.378059387	
145	63.253318787	
146	57.212532043	
147	52.409633636	
148	51.057521820	
149	53.470565796	
150	52.527881622	
151	51.213218689	
152	55.143539429	
153	50.456260681	
154	45.540451050	
155	46.263526917	
156	44.921852112	
157	41.033969879	
158	40.934608459	
159	42.934745789	
160	39.272670746	
161	34.838054657	
162	38.143714905	
163	37.421909332	
164	36.596736908	
165	38.265937805	
166	42.006492615	
167	37.495910645	
168	37.369483948	
169	40.865379333	
170	38.198242188	
171	34.380382538	
172	37.626468658	
173	40.097503662	
174	40.840293884	
175	42.943130493	
176	49.615673065	
177	47.320449829	
178	51.129680634	
179	57.535804749	
180	61.851516724	
181	66.720268250	
182	69.388801575	
183	72.399032593	
184	67.407051086	
185	61.867218018	
186	60.282157898	
187	56.751586914	
188	52.241523743	
189	53.055492401	
190	53.106266022	
191	49.854770660	
192	48.883197784	
193	48.714691162	
194	45.105560303	
195	42.612007141	
196	43.944301605	
197	42.070453644	
198	37.097431183	
199	40.603500366	
200	40.594600677	
201	37.620719910	
202	37.975414276	
203	40.684921265	
204	40.106575012	
205	37.343521118	
206	41.881080627	
207	43.731082916	
208	43.088478088	
209	46.448165894	
210	48.763141632	
211	48.298583984	
212	50.620735168	
213	61.767581940	
214	63.578983307	
215	61.125755310	
216	65.623992920	
217	67.201721191	
218	61.888328552	
219	63.661869049	
220	58.120487213	
221	54.303558350	
222	53.445446014	
223	51.578483582	
224	47.638744354	
225	41.641777039	
226	38.984588623	
227	42.297740936	
228	40.289714813	
229	39.805118561	
230	40.540710449	
231	40.681823730	
232	39.104164124	
233	39.464214325	
234	41.104785919	
235	41.968421936	
236	41.772491455	
237	40.626728058	
238	43.912654877	
239	46.140804291	
240	48.752395630	
241	49.000000000	
