0	46.000000000	
1	44.515113831	
2	41.142856598	
3	45.319328308	
4	47.325824738	
5	44.184875488	
6	46.525386810	
7	44.489620209	
8	44.335357666	
9	40.042015076	
10	42.249275208	
11	46.491596222	
12	41.924015045	
13	37.445377350	
14	42.470588684	
15	45.088233948	
16	40.848739624	
17	39.642856598	
18	43.902053833	
19	44.878150940	
20	38.568675995	
21	38.681659698	
22	40.299274445	
23	39.287303925	
24	38.200267792	
25	40.642856598	
26	40.887931824	
27	38.407562256	
28	37.705883026	
29	40.451873779	
30	40.336345673	
31	37.770000458	
32	38.685050964	
33	41.349834442	
34	38.632652283	
35	36.076126099	
36	38.173294067	
37	39.563026428	
38	35.226890564	
39	32.831932068	
40	36.084033966	
41	37.100841522	
42	35.245674133	
43	35.799095154	
44	38.265094757	
45	37.899971008	
46	34.934822083	
47	35.878150940	
48	38.941318512	
49	39.529411316	
50	36.833625793	
51	37.979591370	
52	34.770496368	
53	36.995975494	
54	39.941177368	
55	40.680671692	
56	40.058822632	
57	34.042015076	
58	38.181838989	
59	41.294116974	
60	40.395381927	
61	40.360954285	
62	40.279499054	
63	45.117645264	
64	40.360637665	
65	41.124355316	
66	42.979167938	
67	43.418296814	
68	41.714286804	
69	41.606735229	
70	45.363323212	
71	45.900466919	
72	44.567119598	
73	46.180778503	
74	48.131065369	
75	48.080219269	
76	47.917518616	
77	47.626296997	
78	47.436973572	
79	46.179084778	
80	45.720642090	
81	46.127956390	
82	47.369747162	
83	43.329673767	
84	46.100345612	
85	48.397960663	
86	46.428569794	
87	46.109420776	
88	46.158111572	
89	48.361450195	
90	44.983192444	
91	46.970588684	
92	51.353153229	
93	48.477615356	
94	49.168491364	
95	49.983192444	
96	53.074146271	
97	56.597591400	
98	60.411766052	
99	65.344535828	
100	67.386550903	
101	63.050418854	
102	63.448978424	
103	67.621849060	
104	66.411766052	
105	63.302768707	
106	65.790618896	
107	66.071784973	
108	61.798320770	
109	58.093849182	
110	59.322151184	
111	58.705883026	
112	51.283737183	
113	50.672092438	
114	51.839275360	
115	46.828861237	
116	40.869289398	
117	40.187450409	
118	43.062213898	
119	39.500000000	
120	33.571430206	
121	38.148681641	
122	40.304073334	
123	35.546218872	
124	33.804252625	
125	38.504199982	
126	36.647060394	
127	32.666194916	
128	34.938350677	
129	39.876739502	
130	39.507591248	
131	39.105041504	
132	42.655460358	
133	45.608997345	
134	44.581878662	
135	45.340335846	
136	52.020408630	
137	52.436973572	
138	47.016807556	
139	48.123294830	
140	52.747406006	
141	50.572948456	
142	48.534637451	
143	49.032238007	
144	53.722267151	
145	47.988773346	
146	47.512393951	
147	49.141868591	
148	51.070476532	
149	53.508403778	
150	54.692184448	
151	62.596286774	
152	63.613445282	
153	64.908164978	
154	65.975776672	
155	68.783348083	
156	70.333595276	
157	63.896476746	
158	66.273216248	
159	66.719512939	
160	59.209659576	
161	55.674739838	
162	59.261421204	
163	50.418224335	
164	44.969776154	
165	43.987396240	
166	43.449474335	
167	40.287162781	
168	39.245674133	
169	41.977294922	
170	41.571430206	
171	37.696456909	
172	39.360992432	
173	40.621849060	
174	40.159664154	
175	42.323528290	
176	42.216297150	
177	49.121849060	
178	47.622272491	
179	46.794540405	
180	52.378150940	
181	54.701858521	
182	54.570934296	
183	51.614151001	
184	52.243698120	
185	49.345066071	
186	46.874233246	
187	54.193878174	
188	57.926063538	
189	60.873703003	
190	61.016807556	
191	64.899269104	
192	68.567329407	
193	67.991455078	
194	66.680671692	
195	71.369750977	
196	66.536331177	
197	62.839488983	
198	59.246875763	
199	55.926204681	
200	46.396865845	
201	42.349586487	
202	43.689075470	
203	45.294116974	
204	42.102039337	
205	40.257396698	
206	42.037990570	
207	42.962184906	
208	41.676574707	
209	42.303474426	
210	47.000000000	
211	48.058612823	
212	44.705883026	
213	46.347892761	
214	47.981781006	
215	49.923347473	
216	49.778263092	
217	51.282005310	
218	54.106349945	
219	49.860671997	
220	52.053314209	
221	58.418365479	
222	59.563026428	
223	59.812973022	
224	63.487888336	
225	64.798988342	
226	64.519592285	
227	61.263080597	
228	59.348705292	
229	55.878009796	
230	49.927333832	
231	49.588233948	
232	50.075630188	
233	46.298671722	
234	41.563026428	
235	41.795669556	
236	44.094062805	
237	43.327732086	
238	42.000000000	
