0	67.000000000	
1	69.561309814	
2	70.551467896	
3	71.306304932	
4	73.257728577	
5	75.963150024	
6	67.014381409	
7	65.642066956	
8	66.464660645	
9	65.807815552	
10	70.901771545	
11	68.539672852	
12	69.000000000	
13	68.053276062	
14	66.775733948	
15	66.109146118	
16	67.812149048	
17	68.728569031	
18	66.932678223	
19	65.659835815	
20	74.852462769	
21	67.700920105	
22	67.751144409	
23	70.524589539	
24	68.291320801	
25	69.821449280	
26	69.319267273	
27	69.110656738	
28	68.207473755	
29	66.828506470	
30	65.099571228	
31	66.098358154	
32	66.830688477	
33	65.419548035	
34	62.278690338	
35	58.286884308	
36	58.393444061	
37	58.370365143	
38	57.465599060	
39	55.991802216	
40	53.196720123	
41	53.174716949	
42	54.000000000	
43	53.635246277	
44	52.615695953	
45	52.894786835	
46	53.649288177	
47	53.153823853	
48	52.119052887	
49	50.578136444	
50	51.321151733	
51	48.875133514	
52	51.544208527	
53	50.384742737	
54	46.564231873	
55	50.602390289	
56	49.366836548	
57	51.165512085	
58	51.694168091	
59	48.393444061	
60	49.196720123	
61	47.875000000	
62	48.704917908	
63	47.152545929	
64	47.563556671	
65	46.350242615	
66	45.875034332	
67	48.180328369	
68	48.278690338	
69	46.434425354	
70	51.426231384	
71	50.641258240	
72	51.414672852	
73	49.707099915	
74	46.201023102	
75	48.230785370	
76	48.163932800	
77	51.241802216	
78	48.967212677	
79	46.676231384	
80	50.672130585	
81	48.875537872	
82	50.336067200	
83	48.459922791	
84	45.758934021	
85	50.053714752	
86	50.394653320	
87	49.668907166	
88	47.796291351	
89	48.016391754	
90	51.409835815	
91	46.322090149	
92	45.245903015	
93	47.552001953	
94	44.074844360	
95	46.371944427	
96	47.410640717	
97	50.725410461	
98	54.624565125	
99	54.475410461	
100	58.672130585	
101	59.245094299	
102	62.294006348	
103	69.179519653	
104	68.672668457	
105	73.127349854	
106	72.147537231	
107	70.463111877	
108	69.571083069	
109	70.086166382	
110	70.164070129	
111	69.576560974	
112	68.483741760	
113	69.000000000	
114	68.927436829	
115	64.173439026	
116	67.237838745	
117	67.914100647	
118	62.360656738	
119	60.922130585	
120	63.114753723	
121	61.991802216	
122	54.500000000	
123	52.574913025	
124	52.818058014	
125	52.900058746	
126	50.032787323	
127	47.032787323	
128	46.637195587	
129	48.076492310	
130	49.190406799	
131	49.040546417	
132	48.032787323	
133	48.751308441	
134	49.688121796	
135	48.520191193	
136	49.819671631	
137	53.852458954	
138	51.574443817	
139	47.516391754	
140	51.311473846	
141	49.345069885	
142	48.096210480	
143	48.934123993	
144	47.767536163	
145	48.028251648	
146	46.713653564	
147	48.418872833	
148	50.359848022	
149	49.622951508	
150	55.016391754	
151	55.647541046	
152	57.854877472	
153	61.301597595	
154	61.959014893	
155	69.348358154	
156	70.807037354	
157	72.743446350	
158	74.104141235	
159	75.880073547	
160	75.544212341	
161	75.663932800	
162	74.628997803	
163	73.733604431	
164	72.663528442	
165	69.045387268	
166	66.462646484	
167	62.866130829	
168	59.288631439	
169	55.268577576	
170	56.305027008	
171	55.340164185	
172	52.653858185	
173	51.157653809	
174	51.668907166	
175	50.082302094	
176	51.795753479	
177	51.188457489	
178	50.241870880	
179	50.988643646	
180	48.798171997	
181	49.152545929	
182	50.034667969	
183	48.875000000	
184	49.152378082	
185	52.136154175	
186	50.762294769	
187	50.446720123	
188	52.491802216	
189	52.409801483	
190	58.179656982	
191	58.541152954	
192	61.767265320	
193	67.567756653	
194	70.709754944	
195	66.547264099	
196	70.713516235	
197	73.038803101	
198	69.585464478	
199	68.258193970	
200	70.852462769	
201	68.638740540	
202	62.557781219	
203	60.561038971	
204	62.416286469	
205	55.681705475	
206	54.252487183	
207	53.550254822	
208	49.622951508	
209	47.145088196	
210	49.682209015	
211	52.000000000	
212	51.658424377	
213	50.199981689	
214	49.046760559	
215	47.580692291	
216	48.147003174	
217	48.975746155	
218	48.238109589	
219	47.041824341	
220	49.163398743	
221	50.600109100	
222	53.001613617	
223	56.565574646	
224	57.067722321	
225	60.321285248	
226	64.494758606	
227	64.728569031	
228	63.877719879	
229	64.086364746	
230	66.185836792	
231	64.893440247	
232	60.721309662	
233	60.428848267	
234	63.828407288	
235	58.030433655	
236	53.837947845	
237	51.300556183	
238	50.385246277	
239	48.995903015	
240	47.196720123	
241	47.328372955	
242	49.409835815	
243	50.919342041	
244	49.000000000	
