0	28.000000000	
1	31.660377502	
2	30.951299667	
3	29.747169495	
4	31.996227264	
5	30.021360397	
6	29.298683167	
7	31.256603241	
8	28.077394485	
9	29.694339752	
10	31.452829361	
11	26.324527740	
12	27.861871719	
13	30.687789917	
14	28.582555771	
15	28.343183517	
16	28.309434891	
17	29.843147278	
18	29.910217285	
19	28.755928040	
20	31.997863770	
21	31.022071838	
22	25.635528564	
23	28.667070389	
24	28.602207184	
25	29.584905624	
26	30.864151001	
27	28.196012497	
28	29.513208389	
29	30.616661072	
30	27.929155350	
31	32.432395935	
32	31.984905243	
33	30.251192093	
34	30.964258194	
35	28.660377502	
36	29.226415634	
37	32.807830811	
38	31.864578247	
39	34.203773499	
40	34.415092468	
41	30.183410645	
42	32.022640228	
43	31.769811630	
44	32.366039276	
45	37.603775024	
46	35.052829742	
47	33.890567780	
48	33.642791748	
49	29.431114197	
50	31.637594223	
51	32.566394806	
52	31.339622498	
53	35.000000000	
54	33.701030731	
55	33.131362915	
56	35.139480591	
57	35.683017731	
58	37.231472015	
59	39.038875580	
60	40.283729553	
61	43.054752350	
62	41.735847473	
63	43.937202454	
64	53.471698761	
65	55.257385254	
66	56.557495117	
67	58.587753296	
68	59.954502106	
69	64.856315613	
70	64.590957642	
71	61.438804626	
72	66.103240967	
73	65.988677979	
74	65.365684509	
75	70.164115906	
76	61.569812775	
77	55.989318848	
78	56.688571930	
79	51.744464874	
80	49.837306976	
81	49.511428833	
82	44.784904480	
83	48.573585510	
84	48.573585510	
85	48.248485565	
86	49.484657288	
87	46.143394470	
88	45.916980743	
89	47.141757965	
90	43.301887512	
91	43.969596863	
92	42.562690735	
93	40.486793518	
94	39.233963013	
95	37.590957642	
96	37.007545471	
97	36.407546997	
98	33.592453003	
99	34.512851715	
100	34.396224976	
101	31.845283508	
102	34.885368347	
103	33.071842194	
104	32.419223785	
105	35.188678741	
106	30.600000381	
107	32.923675537	
108	36.460731506	
109	33.294624329	
110	36.168388367	
111	34.955997467	
112	29.340761185	
113	33.454254150	
114	33.839515686	
115	32.603775024	
116	35.426414490	
117	34.168315887	
118	35.622642517	
119	36.968814850	
120	35.039161682	
121	38.754505157	
122	40.886936188	
123	37.996227264	
124	39.862796783	
125	42.905658722	
126	43.286293030	
127	53.601139069	
128	56.597507477	
129	56.361408234	
130	62.317905426	
131	70.428405762	
132	69.195800781	
133	66.588462830	
134	62.800071716	
135	60.180492401	
136	54.733783722	
137	52.826416016	
138	54.132076263	
139	49.377357483	
140	48.867923737	
141	49.113208771	
142	45.205909729	
143	46.200141907	
144	43.256603241	
145	38.243858337	
146	38.596225739	
147	34.982627869	
148	34.535064697	
149	36.426414490	
150	33.603775024	
151	36.305660248	
152	36.916980743	
153	31.332075119	
154	36.977359772	
155	36.792453766	
156	32.724529266	
157	36.773227692	
158	35.272197723	
159	32.400001526	
160	37.594161987	
161	35.184906006	
162	36.460376740	
163	38.684444427	
164	37.533355713	
165	41.191883087	
166	44.301528931	
167	43.579280853	
168	45.632678986	
169	51.046634674	
170	56.880741119	
171	61.871696472	
172	65.894340515	
173	68.107086182	
174	64.882804871	
175	58.524387360	
176	57.203773499	
177	52.213741302	
178	49.993450165	
179	51.536346436	
180	42.597366333	
181	41.039943695	
182	41.614238739	
183	39.191169739	
184	38.473621368	
185	37.037734985	
186	36.453044891	
187	40.481166840	
188	34.730510712	
189	35.368602753	
190	41.932716370	
191	32.047916412	
192	36.013458252	
193	39.486793518	
194	32.606193542	
195	37.735847473	
196	38.958633423	
197	37.958705902	
198	39.914134979	
199	41.320755005	
200	40.679244995	
201	47.139621735	
202	52.322891235	
203	54.075401306	
204	59.201850891	
205	60.944107056	
206	61.004913330	
207	57.992382050	
208	54.998577118	
209	57.064006805	
210	52.867923737	
211	51.444427490	
212	50.200000763	
213	43.565181732	
214	43.916980743	
215	40.547168732	
216	35.786331177	
217	36.379852295	
218	33.856605530	
219	35.152011871	
220	36.339622498	
221	32.821361542	
222	34.603775024	
223	35.954715729	
224	32.095123291	
225	37.018867493	
226	37.143394470	
227	35.879032135	
228	38.728160858	
229	38.450695038	
230	42.639373779	
231	49.915199280	
232	52.267925262	
233	54.584907532	
234	57.760696411	
235	56.127449036	
236	57.705661774	
237	53.515060425	
238	49.494125366	
239	49.298328400	
240	45.137771606	
241	42.928302765	
242	43.566036224	
243	40.465717316	
244	39.098682404	
245	37.002136230	
246	33.103881836	
247	35.144462585	
248	34.032325745	
249	33.649341583	
250	36.531860352	
251	33.613670349	
252	34.850051880	
253	35.720756531	
254	35.662654877	
255	41.490566254	
256	43.493057251	
257	45.330154419	
258	52.649414062	
259	51.857173920	
260	51.552154541	
261	52.198577881	
262	47.890708923	
263	48.501888275	
264	47.899822235	
265	41.000000000	
