0	55.000000000	
1	55.758995056	
2	56.760951996	
3	54.710063934	
4	55.159706116	
5	56.476161957	
6	50.046115875	
7	54.590167999	
8	54.133316040	
9	55.962863922	
10	54.884853363	
11	54.256362915	
12	52.577850342	
13	50.524063110	
14	55.641960144	
15	52.423038483	
16	52.727081299	
17	52.486652374	
18	52.164558411	
19	51.585666656	
20	46.693073273	
21	53.318634033	
22	51.663166046	
23	52.584701538	
24	49.837554932	
25	52.004699707	
26	53.140266418	
27	48.428825378	
28	51.266654968	
29	51.968029022	
30	53.146911621	
31	47.564376831	
32	49.168746948	
33	52.110958099	
34	48.244064331	
35	53.470630646	
36	51.389072418	
37	55.420368195	
38	54.639183044	
39	54.547706604	
40	57.815490723	
41	54.507305145	
42	57.990993500	
43	58.000000000	
44	62.306289673	
45	62.253398895	
46	61.261775970	
47	62.310791016	
48	63.396877289	
49	66.665977478	
50	63.978870392	
51	66.403388977	
52	66.300643921	
53	65.361358643	
54	70.302116394	
55	67.317848206	
56	72.203605652	
57	65.913566589	
58	67.438179016	
59	70.101394653	
60	70.871841431	
61	73.318923950	
62	77.040420532	
63	76.738784790	
64	70.532722473	
65	73.164916992	
66	73.779266357	
67	70.713912964	
68	75.651748657	
69	74.314353943	
70	75.727905273	
71	72.898109436	
72	76.555366516	
73	76.102043152	
74	74.947654724	
75	77.222358704	
76	71.625221252	
77	76.441734314	
78	73.633064270	
79	71.550857544	
80	65.994392395	
81	62.948047638	
82	62.952678680	
83	55.744079590	
84	59.314693451	
85	55.112049103	
86	52.200061798	
87	54.619014740	
88	50.050765991	
89	47.671157837	
90	43.751762390	
91	52.834114075	
92	47.838466644	
93	46.922554016	
94	47.106178284	
95	45.274070740	
96	48.900619507	
97	49.504352570	
98	44.755863190	
99	44.912456512	
100	50.406612396	
101	49.560249329	
102	47.547325134	
103	57.620002747	
104	51.462642670	
105	53.641395569	
106	47.735954285	
107	50.253623962	
108	52.322895050	
109	47.400081635	
110	49.706203461	
111	45.656211853	
112	46.156501770	
113	47.253482819	
114	49.514156342	
115	49.949184418	
116	49.163932800	
117	50.200202942	
118	41.999282837	
119	48.013134003	
120	46.623870850	
121	47.701675415	
122	51.929187775	
123	51.064289093	
124	58.076801300	
125	57.219654083	
126	59.941452026	
127	59.718124390	
128	62.908889771	
129	64.580581665	
130	64.807472229	
131	68.599639893	
132	69.334121704	
133	73.833549500	
134	72.708915710	
135	69.155754089	
136	68.805747986	
137	68.971038818	
138	72.682800293	
139	66.830123901	
140	64.451683044	
141	61.024124146	
142	57.036788940	
143	53.700435638	
144	47.650863647	
145	48.982906342	
146	40.795917511	
147	41.308876038	
148	42.404693604	
149	42.099029541	
150	42.274776459	
151	43.257087708	
152	43.702419281	
153	38.952625275	
154	43.161380768	
155	42.924442291	
156	42.791282654	
157	45.532749176	
158	43.615272522	
159	44.434093475	
160	40.202106476	
161	44.632202148	
162	43.417644501	
163	43.923385620	
164	45.772636414	
165	43.992580414	
166	45.891925812	
167	44.854949951	
168	49.437416077	
169	49.679061890	
170	48.972602844	
171	50.918445587	
172	50.795558929	
173	56.749874115	
174	58.265544891	
175	60.703510284	
176	62.318866730	
177	62.666023254	
178	59.649997711	
179	55.237567902	
180	60.134628296	
181	55.978206635	
182	49.865264893	
183	45.503108978	
184	46.446338654	
185	46.206420898	
186	38.854595184	
187	41.709915161	
188	36.178256989	
189	41.025146484	
190	39.418422699	
191	37.713207245	
192	39.457668304	
193	32.936695099	
194	37.157978058	
195	35.563869476	
196	38.887031555	
197	37.817409515	
198	39.190582275	
199	42.118389130	
200	35.457424164	
201	38.212009430	
202	39.586006165	
203	43.467819214	
204	44.972854614	
205	46.909633636	
206	50.530681610	
207	43.397090912	
208	50.672534943	
209	54.093051910	
210	53.608745575	
211	53.214397430	
212	51.837974548	
213	52.764743805	
214	52.770595551	
215	57.148193359	
216	47.780635834	
217	46.537250519	
218	46.295803070	
219	42.224491119	
220	40.489105225	
221	39.301704407	
222	40.767322540	
223	37.774776459	
224	37.778007507	
225	37.827075958	
226	37.723430634	
227	44.552173615	
228	41.354736328	
229	41.300109863	
230	37.343486786	
231	39.801464081	
232	44.351852417	
233	45.273532867	
234	49.302261353	
235	48.665908813	
236	55.952125549	
237	58.088439941	
238	61.227245331	
239	63.071891785	
240	59.025230408	
241	62.919101715	
242	55.696296692	
243	58.648971558	
244	53.899692535	
245	51.623756409	
246	51.541282654	
247	43.849517822	
248	40.774036407	
249	39.988708496	
250	46.038074493	
251	40.526073456	
252	40.653030396	
253	42.609680176	
254	37.313610077	
255	40.753387451	
256	37.350559235	
257	44.377422333	
258	42.424365997	
259	44.909927368	
260	44.494995117	
261	46.139835358	
262	53.907974243	
263	54.456054688	
264	57.383922577	
265	57.126533508	
266	57.641395569	
267	54.565326691	
268	53.104221344	
269	57.530185699	
270	50.472583771	
271	47.491867065	
272	45.738986969	
273	43.148620605	
274	42.172241211	
275	40.794223785	
276	42.616439819	
277	39.472099304	
278	42.088504791	
279	39.603038788	
280	39.816287994	
281	42.636745453	
282	42.344402313	
283	47.793865204	
284	45.863647461	
285	48.967300415	
286	53.674770355	
287	56.416965485	
288	56.847534180	
289	56.126502991	
290	57.227138519	
291	54.950653076	
292	55.551021576	
293	51.448440552	
294	47.336837769	
295	45.076580048	
296	37.891719818	
297	45.169891357	
298	42.217620850	
299	46.072902679	
300	43.895210266	
301	43.336086273	
302	42.379013062	
303	41.540920258	
304	47.684474945	
305	44.247444153	
306	47.431667328	
307	50.946151733	
308	53.316383362	
309	57.150096893	
310	59.739067078	
311	62.832202911	
312	59.747631073	
313	59.318729401	
314	55.202262878	
315	51.843311310	
316	51.120861053	
317	47.201087952	
318	46.538249969	
319	43.449405670	
320	47.433452606	
321	44.045703888	
322	44.817790985	
323	47.723392487	
324	42.894649506	
325	49.770061493	
326	48.963714600	
327	52.267795563	
328	52.676933289	
329	54.528430939	
330	60.685516357	
331	55.143253326	
332	55.962036133	
333	52.027248383	
334	53.509696960	
335	50.553756714	
336	46.753425598	
337	46.328765869	
338	44.045394897	
339	47.597908020	
340	43.265510559	
341	43.728485107	
342	43.556159973	
343	42.492214203	
344	47.008598328	
345	43.397651672	
346	48.032630920	
347	48.292301178	
348	51.551849365	
349	51.536903381	
350	51.278476715	
351	56.679950714	
352	49.348224640	
353	52.217052460	
354	44.123634338	
355	45.562866211	
356	42.479721069	
357	41.787765503	
358	46.043060303	
359	37.548946381	
360	42.353435516	
361	40.532455444	
362	41.908023834	
363	43.905937195	
364	45.205478668	
365	48.000000000	
366	45.095890045	
367	48.501667023	
368	46.945510864	
369	48.458446503	
370	46.011577606	
371	41.109962463	
372	43.120952606	
373	41.383735657	
374	41.900978088	
375	36.393165588	
376	37.884391785	
377	41.576068878	
378	37.988178253	
379	36.121677399	
380	40.587722778	
381	45.830120087	
382	44.484733582	
383	45.459899902	
384	46.276100159	
385	45.864513397	
386	52.479034424	
387	45.948684692	
388	48.992649078	
389	45.387531281	
390	43.790405273	
391	42.487236023	
392	39.408145905	
393	43.972755432	
394	39.067070007	
395	40.598625183	
396	40.494873047	
397	39.409458160	
398	42.037040710	
399	44.262336731	
400	48.108169556	
401	43.907958984	
402	49.039630890	
403	47.105941772	
404	47.560462952	
405	48.845848083	
406	43.376617432	
407	40.446685791	
408	39.216548920	
409	41.009784698	
410	39.814849854	
411	40.751079559	
412	41.604217529	
413	40.399700165	
414	45.684391022	
415	44.559379578	
416	47.191780090	
417	47.120170593	
418	45.733024597	
419	46.267169952	
420	45.944267273	
421	48.700191498	
422	42.945732117	
423	45.478561401	
424	43.712677002	
425	41.966621399	
426	39.541572571	
427	38.323699951	
428	42.276943207	
429	40.054485321	
430	42.406978607	
431	44.154514313	
432	45.147190094	
433	47.991699219	
434	47.997562408	
435	49.662925720	
436	37.769828796	
437	42.831638336	
438	43.306121826	
439	39.560092926	
440	38.489372253	
441	38.845561981	
442	40.440048218	
443	36.830730438	
444	42.125621796	
445	44.000000000	
446	47.177368164	
447	50.046367645	
448	47.767124176	
449	47.072406769	
450	42.402637482	
451	46.125724792	
452	42.445213318	
453	38.692256927	
454	39.890541077	
455	36.367237091	
456	37.221385956	
457	36.531005859	
458	40.588146210	
459	42.375095367	
460	44.391784668	
461	44.509967804	
462	43.435165405	
463	48.313571930	
464	42.748115540	
465	44.474548340	
466	42.238430023	
467	36.896636963	
468	32.998386383	
469	32.617000580	
470	41.458160400	
471	38.165863037	
472	39.983119965	
473	39.914974213	
474	42.444225311	
475	43.695247650	
476	39.835617065	
477	45.356163025	
478	44.688846588	
479	43.433387756	
480	39.144981384	
481	36.860111237	
482	37.899761200	
483	33.735973358	
484	36.746261597	
485	34.743442535	
486	38.637966156	
487	40.589061737	
488	41.792564392	
489	45.488777161	
490	41.486957550	
491	43.442989349	
492	33.350292206	
493	35.466110229	
494	35.015136719	
495	29.614255905	
496	30.465837479	
497	32.664852142	
498	37.162475586	
499	33.216232300	
500	34.847816467	
501	39.914615631	
502	41.635074615	
503	40.746009827	
504	37.171512604	
505	40.081558228	
506	30.834716797	
507	29.896507263	
508	28.911972046	
509	26.738815308	
510	31.549901962	
511	0.000000000	
