0	54.000000000	
1	56.458766937	
2	51.482666016	
3	53.653636932	
4	55.713687897	
5	54.691394806	
6	56.559249878	
7	51.114913940	
8	58.082725525	
9	54.968349457	
10	53.427280426	
11	49.431007385	
12	47.783313751	
13	50.674724579	
14	51.217536926	
15	52.851070404	
16	48.603588104	
17	52.023834229	
18	51.842956543	
19	50.108306885	
20	50.830898285	
21	48.299381256	
22	51.134220123	
23	44.478630066	
24	48.654060364	
25	47.753604889	
26	46.999183655	
27	52.927921295	
28	43.938678741	
29	48.053478241	
30	47.443584442	
31	47.065876007	
32	45.735004425	
33	46.149242401	
34	48.293735504	
35	42.271842957	
36	45.995956421	
37	46.991924286	
38	45.402164459	
39	44.996334076	
40	45.341407776	
41	45.431659698	
42	42.656311035	
43	45.538043976	
44	41.158245087	
45	43.106796265	
46	43.561164856	
47	43.414436340	
48	45.761531830	
49	41.515178680	
50	47.401168823	
51	41.369106293	
52	43.863517761	
53	42.926212311	
54	44.275112152	
55	49.224056244	
56	39.985664368	
57	41.920394897	
58	39.947528839	
59	45.630641937	
60	41.989444733	
61	43.501403809	
62	45.421009064	
63	38.297809601	
64	46.838809967	
65	45.800357819	
66	44.552375793	
67	44.865947723	
68	44.191894531	
69	44.455078125	
70	41.334716797	
71	49.184337616	
72	49.576232910	
73	51.565490723	
74	53.637588501	
75	53.468280792	
76	55.217922211	
77	56.858253479	
78	57.025241852	
79	54.692626953	
80	58.621360779	
81	58.655414581	
82	56.810134888	
83	57.949016571	
84	56.389644623	
85	61.440853119	
86	58.764324188	
87	60.942649841	
88	60.836902618	
89	60.299030304	
90	61.062118530	
91	55.951793671	
92	61.714561462	
93	64.185752869	
94	63.098777771	
95	64.295783997	
96	69.203430176	
97	71.853797913	
98	73.561164856	
99	83.168930054	
100	75.793380737	
101	82.953125000	
102	82.507492065	
103	76.519996643	
104	75.422996521	
105	73.918556213	
106	76.867469788	
107	71.808624268	
108	68.998558044	
109	68.668670654	
110	66.847961426	
111	60.537082672	
112	51.521068573	
113	57.888000488	
114	50.747783661	
115	46.538505554	
116	45.078132629	
117	45.963291168	
118	42.347427368	
119	39.990764618	
120	45.060703278	
121	38.194553375	
122	39.943813324	
123	36.865024567	
124	35.836894989	
125	37.048542023	
126	36.648544312	
127	38.406024933	
128	34.270095825	
129	38.122394562	
130	36.520500183	
131	37.266441345	
132	40.648647308	
133	37.811054230	
134	39.917652130	
135	38.973323822	
136	44.499370575	
137	42.868267059	
138	41.342330933	
139	41.912738800	
140	45.865776062	
141	48.011154175	
142	45.111213684	
143	48.385437012	
144	50.751880646	
145	51.130550385	
146	50.450771332	
147	50.355339050	
148	50.974758148	
149	55.778640747	
150	56.076538086	
151	59.360023499	
152	64.795143127	
153	67.221778870	
154	67.885643005	
155	68.820060730	
156	65.361106873	
157	69.006317139	
158	61.626228333	
159	60.297714233	
160	58.042037964	
161	46.874195099	
162	50.667961121	
163	42.943687439	
164	46.118209839	
165	41.446601868	
166	36.295196533	
167	36.694587708	
168	38.396118164	
169	39.807369232	
170	31.693750381	
171	34.805824280	
172	32.902912140	
173	31.955339432	
174	32.524272919	
175	33.067962646	
176	38.504898071	
177	33.044200897	
178	33.280811310	
179	36.055866241	
180	38.398059845	
181	38.400001526	
182	38.732238770	
183	44.759025574	
184	40.440776825	
185	42.506832123	
186	42.071178436	
187	43.863128662	
188	44.737941742	
189	44.793186188	
190	51.854370117	
191	52.700969696	
192	55.805797577	
193	55.025745392	
194	55.849216461	
195	57.617683411	
196	52.942943573	
197	51.456989288	
198	42.597930908	
199	43.898975372	
200	37.957675934	
201	35.443992615	
202	34.601070404	
203	30.133022308	
204	36.196399689	
205	33.768405914	
206	32.520000458	
207	28.090013504	
208	27.848543167	
209	29.556444168	
210	28.575548172	
211	33.514545441	
212	32.973720551	
213	36.083511353	
214	37.003501892	
215	37.852390289	
216	39.301715851	
217	39.922927856	
218	42.838417053	
219	37.415714264	
220	44.032329559	
221	47.740272522	
222	51.822120667	
223	54.070522308	
224	49.938800812	
225	50.854839325	
226	51.309467316	
227	50.993938446	
228	45.232395172	
229	43.570903778	
230	44.161655426	
231	38.811050415	
232	35.683292389	
233	32.951885223	
234	37.402786255	
235	33.482513428	
236	33.584693909	
237	32.191516876	
238	28.322219849	
239	31.242872238	
240	29.936563492	
241	34.911155701	
242	33.227542877	
243	34.722415924	
244	35.854701996	
245	37.224903107	
246	40.883544922	
247	40.621932983	
248	47.166450500	
249	49.738460541	
250	54.194080353	
251	55.930301666	
252	55.776699066	
253	58.801265717	
254	49.214733124	
255	48.353851318	
256	45.817840576	
257	43.965354919	
258	39.335281372	
259	36.835681915	
260	37.542465210	
261	31.442949295	
262	31.057661057	
263	29.021389008	
264	30.871335983	
265	32.455085754	
266	31.829744339	
267	32.501190186	
268	31.667516708	
269	37.516799927	
270	35.592231750	
271	36.077503204	
272	38.866020203	
273	42.650413513	
274	48.900901794	
275	46.174758911	
276	55.714717865	
277	56.773841858	
278	50.051753998	
279	41.863986969	
280	43.048542023	
281	44.501922607	
282	34.700687408	
283	37.927227020	
284	33.267761230	
285	35.320388794	
286	34.349517822	
287	30.777664185	
288	34.030830383	
289	28.061588287	
290	36.284568787	
291	32.577167511	
292	34.918708801	
293	35.188312531	
294	37.732620239	
295	40.413894653	
296	41.056026459	
297	51.591815948	
298	49.899330139	
299	51.676227570	
300	50.746253967	
301	46.905113220	
302	44.571105957	
303	38.449684143	
304	41.889312744	
305	36.504383087	
306	34.718639374	
307	33.464515686	
308	31.932178497	
309	33.439998627	
310	30.215476990	
311	33.614151001	
312	31.270887375	
313	36.059612274	
314	36.514549255	
315	38.046188354	
316	41.547546387	
317	42.333724976	
318	46.794853210	
319	47.640651703	
320	50.976905823	
321	48.070911407	
322	44.830379486	
323	44.092754364	
324	38.271659851	
325	42.357715607	
326	36.178344727	
327	39.966674805	
328	37.632843018	
329	33.669357300	
330	35.310867310	
331	33.949970245	
332	38.102325439	
333	35.942890167	
334	38.968841553	
335	40.524650574	
336	40.991950989	
337	44.582382202	
338	47.688400269	
339	47.809799194	
340	44.169666290	
341	45.439254761	
342	44.503185272	
343	44.882575989	
344	43.011516571	
345	33.338958740	
346	34.952312469	
347	31.978387833	
348	31.752014160	
349	30.984514236	
350	33.646621704	
351	36.960926056	
352	34.419418335	
353	37.852428436	
354	37.730197906	
355	40.699028015	
356	42.575214386	
357	44.392597198	
358	44.236892700	
359	42.081554413	
360	42.427185059	
361	39.465930939	
362	40.493202209	
363	36.133819580	
364	35.029239655	
365	34.533981323	
366	27.994213104	
367	33.479751587	
368	31.118623734	
369	31.130670547	
370	32.015270233	
371	31.420530319	
372	37.948791504	
373	40.103984833	
374	43.686382294	
375	40.787254333	
376	43.705646515	
377	39.460563660	
378	35.312755585	
379	38.649436951	
380	37.027713776	
381	38.839836121	
382	34.012996674	
383	34.321971893	
384	32.447341919	
385	32.928550720	
386	33.694961548	
387	30.004547119	
388	30.935810089	
389	33.774723053	
390	40.167877197	
391	41.480827332	
392	42.416927338	
393	41.738857269	
394	40.593475342	
395	42.018852234	
396	38.265102386	
397	38.708648682	
398	34.920757294	
399	33.393253326	
400	32.533321381	
401	33.623512268	
402	36.355293274	
403	30.511123657	
404	32.216434479	
405	35.125835419	
406	38.066726685	
407	39.917911530	
408	39.868251801	
409	42.953323364	
410	40.865962982	
411	40.143383026	
412	35.240001678	
413	34.324272156	
414	35.417476654	
415	32.349514008	
416	33.658752441	
417	31.243234634	
418	33.928993225	
419	31.961164474	
420	32.932037354	
421	37.275726318	
422	39.775409698	
423	40.757282257	
424	39.237426758	
425	43.543689728	
426	40.263740540	
427	38.064056396	
428	37.543167114	
429	35.748065948	
430	38.225940704	
431	28.910249710	
432	34.332984924	
433	32.260192871	
434	32.134731293	
435	34.285041809	
436	32.890472412	
437	40.027568817	
438	39.124183655	
439	41.776981354	
440	39.358657837	
441	39.891262054	
442	39.390590668	
443	35.766441345	
444	37.476703644	
445	31.951644897	
446	33.377059937	
447	29.975496292	
448	31.448759079	
449	33.528385162	
450	30.242246628	
451	35.961166382	
452	38.524272919	
453	42.547000885	
454	38.925739288	
455	38.766990662	
456	39.850967407	
457	37.115440369	
458	36.836879730	
459	30.065277100	
460	34.924591064	
461	30.311000824	
462	28.055873871	
463	29.426012039	
464	29.772260666	
465	37.030727386	
466	35.456531525	
467	42.392120361	
468	41.096496582	
469	38.470649719	
470	36.218399048	
471	35.818912506	
472	38.915828705	
473	29.944013596	
474	30.501562119	
475	29.135921478	
476	30.553398132	
477	30.738531113	
478	32.745853424	
479	34.671802521	
480	31.667358398	
481	41.428607941	
482	39.572082520	
483	35.153465271	
484	34.943180084	
485	32.619003296	
486	32.025070190	
487	26.481481552	
488	27.836610794	
489	25.236452103	
490	28.087095261	
491	33.532249451	
492	34.408729553	
493	31.413942337	
494	37.779582977	
495	38.544818878	
496	32.844890594	
497	31.570259094	
498	30.440866470	
499	26.577173233	
500	29.859647751	
501	26.770465851	
502	27.795207977	
503	27.973550797	
504	31.431007385	
505	31.674051285	
506	30.209960938	
507	34.718509674	
508	32.607082367	
509	34.562778473	
510	30.310680389	
511	29.751457214	
512	28.182928085	
513	25.566989899	
514	27.000000000	
515	0.000000000	
